0.025486466,0.0,0.0,0.0
0.035495841,-0.001699999906,9.999999747e-05,0.1964999884
0.045506778,-0.001199999941,-0.0005999999703,0.186499998
0.055486466,-0.00159999996,-0.0002999999851,0.2061999887
0.065498966,-0.001300000004,0.0,0.1767999977
0.075509903,-0.001300000004,0.0,0.1963
0.085489591,-0.001199999941,-0.0001999999949,0.186499998
0.095500528,-0.001099999994,-0.002199999988,0.2061999887
0.105497403,-0.00139999995,0.0001999999949,0.2061000019
0.115491153,-0.001199999941,-0.0003999999899,0.186499998
0.125502091,-0.001999999862,9.999999747e-05,0.2258999944
0.135481778,-0.001699999906,-0.0001999999949,0.1964999884
0.145491153,-0.001699999906,-0.0003999999899,0.1964999884
0.155503653,-0.001500000013,0.0,0.1964000016
0.165484903,-0.00139999995,0.0,0.1865999997
0.175495841,-0.00139999995,-9.999999747e-05,0.1865999997
0.185505216,-0.00139999995,0.0,0.1865999997
0.195486466,-0.001899999916,-0.0001999999949,0.2063999921
0.205497403,-0.00139999995,-0.0002999999851,0.1865999997
0.215508341,-0.00139999995,0.0,0.1767999977
0.225503653,-0.001999999862,9.999999747e-05,0.2160999924
0.235500528,-0.001099999994,-0.0001999999949,0.166899994
0.245509903,-0.001699999906,-0.0004999999655,0.2159999907
0.255489591,-0.001199999941,-9.999999747e-05,0.2061000019
0.265500528,-0.0009999999311,-0.0001999999949,0.176699996
0.275480216,-0.002600000007,0.009699999355,0.1767999977
0.285491153,0.006199999712,0.01069999952,0.1767999977
0.295503653,0.006399999838,0.0,0.1865999997
0.305481778,0.01539999992,0.009499999695,0.1767999977
0.315492716,0.005099999718,0.009800000116,0.2159999907
0.325505216,0.005099999718,0.0,0.1767999977
0.335484903,0.01459999941,0.009200000204,0.1865999997
0.345513028,-0.01439999975,-0.01970000006,0.2159999907
0.355506778,0.005200000014,-0.008799999952,0.1964000016
0.365486466,0.01459999941,-0.00829999987,0.166899994
0.375497403,0.003999999724,0.01099999994,0.1964000016
0.385508341,0.003299999982,0.001099999994,0.176699996
0.395488028,-0.01620000042,-0.01840000041,0.186499998
0.405498966,-0.006499999668,0.001699999906,0.176699996
0.415480216,-0.01579999924,0.001799999969,0.176699996
0.425491153,0.003199999919,0.01150000002,0.176699996
0.435502091,0.02169999853,0.01129999943,0.186499998
0.445481778,-0.0178999994,-0.007499999832,0.186499998
0.455492716,-0.01750000007,0.01129999943,0.186499998
0.465520841,0.001699999906,-0.01730000041,0.176699996
0.475483341,0.0009999999311,-0.007599999662,0.186499998
0.485495841,-0.0178999994,0.002300000051,0.176699996
0.495506778,0.00139999995,0.0007999999798,0.2061000019
0.505486466,0.001799999969,0.009699999355,0.1963
0.515497403,0.002099999925,-0.01899999939,0.1963
0.525506778,0.0111999996,0.01009999961,0.176699996
0.535488028,0.00139999995,0.01019999944,0.176699996
0.545498966,-0.00810000021,0.0009999999311,0.176699996
0.555509903,-0.007100000046,0.009999999776,0.186499998
0.565489591,-0.01620000042,0.0008999999845,0.2159999907
0.575502091,-0.006000000052,0.0103000002,0.1964000016
0.585497403,0.02290000021,0.02889999934,0.186499998
0.595492716,-0.01630000025,0.008899999782,0.176699996
0.605503653,0.01279999968,-0.01109999977,0.176699996
0.615483341,0.02209999971,-0.001699999906,0.176699996
0.625494278,-0.02559999935,-0.00139999995,0.186499998
0.635505216,-0.0055999998,-0.001300000004,0.186499998
0.645484903,-0.01539999992,-0.001999999862,0.176699996
0.655495841,-0.0055999998,-0.001999999862,0.176699996
0.665506778,0.003299999982,-0.02080000006,0.186499998
0.675486466,-0.006099999882,-0.01009999961,0.2061999887
0.685497403,0.004399999976,-0.009499999695,0.1865999997
0.695509903,-0.0055999998,-0.0002999999851,0.1964000016
0.705505216,-0.006099999882,-0.008799999952,0.1964000016
0.715500528,-0.02449999936,-0.009599999525,0.166899994
0.725480216,-0.02329999954,-0.0003999999899,0.1767999977
0.735491153,-0.01349999942,0.009200000204,0.1865999997
0.745502091,-0.01279999968,0.008899999782,0.1964000016
0.755481778,0.01620000042,0.01829999872,0.1865999997
0.765492716,0.01579999924,0.007299999706,0.1767999977
0.775505216,0.01579999924,0.0167999994,0.1964000016
0.785484903,0.006000000052,0.00699999975,0.1865999997
0.795495841,0.0055999998,0.006499999668,0.1865999997
0.805506778,0.005200000014,0.006499999668,0.166899994
0.815486466,-0.004900000058,-0.003299999982,0.1865999997
0.825514591,0.004399999976,-0.03119999915,0.2061999887
0.835508341,-0.00410000002,-0.000699999975,0.1964000016
0.845488028,-0.004499999806,0.008899999782,0.1865999997
0.855500528,-0.003799999831,-0.009999999776,0.1767999977
0.865509903,-0.002600000007,0.008899999782,0.1865999997
0.875489591,-0.01279999968,-0.0103000002,0.2061999887
0.885502091,-0.002899999963,-0.029099999,0.1767999977
0.895481778,0.006000000052,0.0005999999703,0.1865999997
0.905491153,0.0055999998,0.009800000116,0.1964000016
0.915503653,0.0055999998,-0.000699999975,0.166899994
0.925483341,-0.00410000002,-0.01049999986,0.1767999977
0.935494278,0.0055999998,0.01809999906,0.1767999977
0.945522403,0.005200000014,0.007899999619,0.1865999997
0.955484903,0.004799999762,-0.002600000007,0.176699996
0.965497403,0.003599999938,-0.02139999904,0.186499998
0.975508341,-0.02559999935,-0.01179999951,0.186499998
0.985486466,-0.01589999907,-0.001199999941,0.1964000016
0.995498966,0.002899999963,-0.0008999999845,0.186499998
1.005508341,0.003299999982,0.0,0.176699996
1.015489591,0.003700000001,9.999999747e-05,0.166899994
1.025500528,0.00410000002,0.000699999975,0.176699996
1.035480216,-0.005299999844,-0.01699999906,0.176699996
1.045491153,-0.004699999932,-0.0167999994,0.2159999907
1.055503653,-0.0234999992,-0.004999999888,0.1964000016
1.065498966,-0.02269999869,-0.004900000058,0.1767999977
1.075492716,-0.002499999944,0.003099999856,0.1669999957
1.085505216,-0.002600000007,0.01289999951,0.1865999997
1.095484903,-0.01189999934,-0.006499999668,0.1767999977
1.105494278,0.007299999706,-0.006599999964,0.1964000016
1.115506778,0.006699999794,-0.004900000058,0.2159999907
1.125486466,-0.003199999919,0.01269999985,0.1767999977
1.135497403,0.006000000052,0.01189999934,0.1767999977
1.145508341,0.006099999882,-0.01740000024,0.1865999997
1.155488028,-0.01269999985,-0.006000000052,0.1964000016
1.165498966,0.006799999624,0.01269999985,0.1767999977
1.175509903,-0.01239999942,-0.01579999924,0.1767999977
1.185506778,-0.02089999989,-0.00569999963,0.1669999957
1.195502091,-0.001500000013,0.007400000002,0.1865999997
1.205481778,-0.001099999994,0.007400000002,0.1767999977
1.215492716,-0.009699999355,-0.01429999992,0.1865999997
1.225503653,-0.01049999986,-0.01209999993,0.2061999887
1.235483341,-0.01979999989,-0.002300000051,0.1669999957
1.245492716,-0.01850000024,-0.01189999934,0.1865999997
1.255506778,0.001500000013,-0.001999999862,0.1767999977
1.265484903,-0.007299999706,-0.02149999887,0.1865999997
1.275497403,-0.0159999989,0.007999999449,0.1964000016
1.285508341,-0.006300000008,-0.009099999443,0.2062999904
1.295488028,0.01329999976,-0.001699999906,0.1767999977
1.305514591,0.02149999887,0.01740000024,0.1865999997
1.315509903,0.01040000003,0.007400000002,0.2061999887
1.325489591,0.0005999999703,0.01719999872,0.1865999997
1.335502091,0.01009999961,0.007299999706,0.1865999997
1.345480216,0.009800000116,0.004799999762,0.1669999957
1.355491153,0.009599999525,0.0242999997,0.1473999918
1.365502091,-0.009300000034,0.004799999762,0.1964000016
1.375481778,0.0003999999899,0.01469999924,0.1767999977
1.385492716,0.01019999944,0.01469999924,0.1865999997
1.395505216,0.01019999944,0.003799999831,0.2159999907
1.405483341,0.009499999695,0.003700000001,0.1865999997
1.415494278,-0.009300000034,-0.01469999924,0.1767999977
1.425523966,0.0001999999949,-0.01569999941,0.1964000016
1.435486466,-0.01049999986,-0.01239999942,0.1865999997
1.445498966,-0.0004999999655,-0.01239999942,0.1865999997
1.455508341,0.008899999782,-0.002600000007,0.2061999887
1.465488028,-0.01040000003,0.01459999941,0.1865999997
1.475498966,0.0083999997,0.01349999942,0.1767999977
1.485509903,-0.002099999925,0.01260000002,0.1767999977
1.495491153,-0.02180000022,-0.02569999918,0.2061999887
1.505502091,0.00699999975,0.003499999875,0.1767999977
1.515481778,-0.002899999963,0.01129999943,0.1767999977
1.525492716,0.0055999998,0.001799999969,0.2061999887
1.535503653,0.004799999762,0.0103000002,0.1865999997
1.545500528,0.004900000058,0.009399999864,0.157099992
1.555494278,-0.01359999925,0.0002999999851,0.2061999887
1.565505216,-0.003399999812,0.0003999999899,0.1865999997
1.575484903,0.006000000052,0.01009999961,0.1767999977
1.585497403,-0.01269999985,0.009399999864,0.1865999997
1.595508341,0.01620000042,-0.0003999999899,0.1865999997
1.605488028,0.006399999838,0.0003999999899,0.1964000016
1.615498966,-0.0131000001,0.0003999999899,0.2061999887
1.625509903,-0.02209999971,0.009899999946,0.2061999887
1.635489591,-0.02099999972,0.0007999999798,0.1767999977
1.645500528,0.01769999973,0.01019999944,0.1767999977
1.655480216,0.007899999619,-0.008899999782,0.1767999977
1.665508341,-0.002199999988,-0.0186999999,0.1964000016
1.675502091,-0.002199999988,0.009800000116,0.1669999957
1.685481778,0.006699999794,-0.0103000002,0.2061999887
1.695494278,-0.01239999942,-0.01090000011,0.1964000016
1.705503653,0.007199999876,-0.02029999904,0.1767999977
1.715484903,0.006300000008,-0.009399999864,0.1865999997
1.725494278,0.006399999838,0.0002999999851,0.1767999977
1.735506778,-0.01269999985,0.0003999999899,0.1767999977
1.745484903,0.0055999998,-0.0001999999949,0.1964000016
1.755497403,-0.01319999993,0.0,0.1964000016
1.765508341,-0.003399999812,0.009800000116,0.1865999997
1.775488028,-0.002899999963,0.02809999883,0.1669999957
1.785516153,-0.002499999944,0.00829999987,0.2061999887
1.795480216,0.007199999876,0.00829999987,0.1669999957
1.805489591,-0.01239999942,-0.01040000003,0.1767999977
1.815502091,0.01620000042,-0.01049999986,0.1767999977
1.825481778,0.01579999924,0.01850000024,0.1669999957
1.835491153,0.005200000014,0.008899999782,0.1767999977
1.845505216,0.00569999963,-0.01989999972,0.1767999977
1.855483341,0.01509999949,-0.009800000116,0.166899994
1.865494278,0.004399999976,0.009899999946,0.157099992
1.875505216,-0.006000000052,-0.009300000034,0.176699996
1.885484903,-0.006799999624,-0.008599999361,0.166899994
1.895495841,-0.01539999992,-0.00829999987,0.176699996
1.905523966,-0.005200000014,-0.00829999987,0.176699996
1.915486466,-0.01459999941,-0.01799999923,0.1865999997
1.925498966,0.004499999806,0.001899999916,0.1964000016
1.935509903,-0.004999999888,-0.01640000008,0.1767999977
1.945488028,-0.01469999924,-0.01640000008,0.1767999977
1.955500528,-0.01379999984,0.01129999943,0.1865999997
1.965480216,0.0055999998,0.001500000013,0.1767999977
1.975491153,0.01499999966,0.0111999996,0.166899994
1.985502091,-0.004799999762,0.01019999944,0.1865999997
1.995481778,0.02369999886,0.009999999776,0.1964000016
2.005492716,-0.006099999882,0.0004999999655,0.176699996
2.015503653,-0.005899999756,0.01929999888,0.166899994
2.025500528,0.003399999812,0.01960000023,0.176699996
2.035495841,0.01239999942,0.01009999961,0.166899994
2.045506778,-0.01620000042,-0.03709999844,0.166899994
2.055486466,-0.006699999794,0.001899999916,0.157099992
2.065497403,-0.005899999756,0.0009999999311,0.1865999997
2.075508341,-0.0335999988,-0.02539999969,0.2159999907
2.085488028,0.0055999998,0.003999999724,0.1767999977
2.095498966,0.02449999936,-0.01569999941,0.1865999997
2.105478653,-0.003999999724,-0.006399999838,0.1964000016
2.115491153,-0.01299999934,-0.01519999932,0.1964000016
2.125502091,-0.003199999919,-0.005299999844,0.1571999937
2.135481778,-0.003299999982,0.004399999976,0.1669999957
2.145508341,0.00569999963,-0.01519999932,0.1964000016
2.155503653,0.005299999844,0.00429999968,0.157099992
2.165483341,-0.004799999762,0.01269999985,0.1865999997
2.175494278,0.004999999888,0.03119999915,0.1767999977
2.185506778,0.004499999806,0.001199999941,0.176699996
2.195486466,-0.0055999998,0.000699999975,0.176699996
2.205497403,0.01279999968,0.01960000023,0.176699996
2.215508341,0.002899999963,0.009800000116,0.1963
2.225488028,-0.005899999756,0.009200000204,0.166899994
2.235498966,0.01279999968,0.009699999355,0.1963
2.245509903,0.01319999993,0.009399999864,0.186499998
2.255489591,-0.01579999924,0.009399999864,0.1964000016
2.265517716,-0.006000000052,0.0,0.1964000016
2.275481778,-0.0055999998,0.0008999999845,0.1964000016
2.285491153,-0.01429999992,-0.02659999952,0.1964000016
2.295503653,-0.004900000058,-0.03659999743,0.1865999997
2.305483341,0.004499999806,0.002399999881,0.166899994
2.315492716,0.003999999724,0.002899999963,0.166899994
2.325505216,-0.00689999992,0.001899999916,0.166899994
2.335484903,-0.01579999924,-0.00829999987,0.1865999997
2.345495841,-0.01420000009,0.000699999975,0.1865999997
2.355506778,0.004900000058,0.009899999946,0.166899994
2.365486466,-0.005200000014,-0.0007999999798,0.1865999997
2.375498966,-0.005299999844,0.008499999531,0.166899994
2.385525528,-0.02400000021,-0.01090000011,0.1767999977
2.395489591,0.005299999844,-0.001799999969,0.1472999901
2.405500528,0.005299999844,0.007499999832,0.1767999977
2.415480216,-0.004499999806,0.007699999958,0.2159999907
2.425489591,0.005200000014,0.0083999997,0.1767999977
2.435502091,0.005299999844,0.007999999449,0.157099992
2.445480216,0.004900000058,0.007499999832,0.176699996
2.455491153,0.005200000014,-0.001099999994,0.1964000016
2.465505216,-0.01349999942,-0.01979999989,0.1964000016
2.475484903,0.0055999998,-0.01840000041,0.1767999977
2.485494278,0.006099999882,0.01040000003,0.1865999997
2.495506778,-0.002899999963,0.01049999986,0.1865999997
2.505502091,0.006099999882,-0.007999999449,0.1865999997
2.515497403,-0.003599999938,-0.007999999449,0.1767999977
2.525508341,-0.003799999831,-0.006699999794,0.1669999957
2.535488028,0.005200000014,0.01129999943,0.166899994
2.545500528,0.004900000058,-0.009899999946,0.1964000016
2.555509903,-0.004499999806,0.0,0.1865999997
2.565489591,-0.003999999724,0.008899999782,0.1767999977
2.575502091,0.005299999844,-0.01960000023,0.1964000016
2.585480216,0.004499999806,0.009099999443,0.176699996
2.595491153,0.003599999938,-0.009699999355,0.186499998
2.605502091,-0.00549999997,-0.009599999525,0.1865999997
2.615483341,-0.0055999998,0.009899999946,0.1865999997
2.625511466,-0.0055999998,0.0005999999703,0.176699996
2.635505216,-0.006300000008,0.009300000034,0.176699996
2.645484903,-0.006099999882,0.0,0.1964000016
2.655495841,-0.00549999997,-0.0001999999949,0.1865999997
2.665506778,-0.01499999966,-0.008899999782,0.166899994
2.675486466,-0.01420000009,-0.02709999867,0.2061999887
2.685497403,0.01469999924,0.01189999934,0.1865999997
2.695508341,0.004900000058,0.0120000001,0.1767999977
2.705488028,-0.004499999806,-0.006699999794,0.1865999997
2.715500528,-0.004900000058,0.002199999988,0.1865999997
2.725480216,0.004699999932,-0.007499999832,0.1865999997
2.735491153,0.004900000058,0.01139999926,0.166899994
2.745519278,-0.004900000058,0.002199999988,0.1865999997
2.755481778,-0.004399999976,0.01090000011,0.1767999977
2.765491153,-0.004600000102,0.01079999935,0.166899994
2.775505216,-0.02329999954,-0.008999999613,0.1865999997
2.785483341,-0.003399999812,0.01049999986,0.1767999977
2.795494278,0.01579999924,0.009499999695,0.1669999957
2.805506778,0.0055999998,0.009399999864,0.166899994
2.815486466,0.005200000014,0.009300000034,0.1865999997
2.825497403,0.005299999844,0.007699999958,0.166899994
2.835508341,-0.01349999942,-0.001199999941,0.1767999977
2.845488028,0.006000000052,0.007799999788,0.157099992
2.855500528,0.0055999998,0.00699999975,0.166899994
2.865527091,0.005200000014,-0.02099999972,0.1865999997
2.875491153,-0.004499999806,-0.00139999995,0.127700001
2.885500528,-0.01379999984,-0.001300000004,0.1767999977
2.895481778,0.005299999844,-0.00139999995,0.166899994
2.905491153,-0.004499999806,0.00829999987,0.157099992
2.915503653,0.004499999806,0.007400000002,0.166899994
2.925481778,-0.01499999966,0.00569999963,0.176699996
2.935494278,0.004999999888,-0.03199999779,0.176699996
2.945505216,0.01429999992,-0.001999999862,0.157099992
2.955484903,0.00410000002,0.00689999992,0.176699996
2.965495841,0.003700000001,-0.002499999944,0.166899994
2.975506778,0.01319999993,0.006199999712,0.157099992
2.985503653,-0.005899999756,-0.003399999812,0.1964000016
2.995497403,-0.005899999756,-0.01289999951,0.166899994
3.005508341,0.01279999968,0.006799999624,0.166899994
3.015488028,-0.006699999794,0.006799999624,0.186499998
3.025500528,0.001799999969,-0.01260000002,0.1963
3.035480216,0.001500000013,0.006499999668,0.186499998
3.045491153,-0.01689999923,-0.002300000051,0.176699996
3.055502091,0.002699999837,-0.002199999988,0.1963
3.065481778,-0.02559999935,0.007799999788,0.166899994
3.075492716,-0.00549999997,0.007499999832,0.176699996
3.085503653,-0.005899999756,-0.01169999968,0.176699996
3.095483341,0.003799999831,0.007899999619,0.176699996
3.105511466,-0.01489999983,0.007699999958,0.176699996
3.115506778,0.004499999806,-0.01179999951,0.176699996
3.125484903,0.00410000002,0.007400000002,0.176699996
3.135497403,-0.005899999756,0.006699999794,0.1964000016
3.145508341,-0.0055999998,-0.002899999963,0.176699996
3.155488028,-0.01489999983,-0.01219999976,0.1964000016
3.165498966,-0.004799999762,-0.01139999926,0.166899994
3.175509903,-0.005299999844,-0.0004999999655,0.157099992
3.185489591,0.004499999806,-0.001999999862,0.157099992
3.195502091,0.01439999975,-0.002300000051,0.166899994
3.205480216,0.004499999806,-0.00159999996,0.176699996
3.215491153,0.004499999806,-0.0298999995,0.176699996
3.225520841,-0.01379999984,0.009099999443,0.1865999997
3.235481778,0.005299999844,0.02759999968,0.157099992
3.245494278,-0.004399999976,0.007400000002,0.1767999977
3.255505216,-0.02249999903,-0.02089999989,0.1964000016
3.265484903,-0.01229999959,-0.02919999883,0.1865999997
3.275495841,-0.02099999972,0.009099999443,0.1669999957
3.285506778,-0.0009999999311,-9.999999747e-05,0.1669999957
3.295486466,0.007899999619,0.009499999695,0.1669999957
3.305498966,-0.001300000004,-0.01939999871,0.1767999977
3.315508341,-0.002099999925,-0.01819999889,0.1767999977
3.325488028,0.007299999706,0.01099999994,0.1767999977
3.335498966,-0.01189999934,0.0008999999845,0.1767999977
3.345495841,-0.01109999977,-0.00820000004,0.1865999997
3.355491153,-0.001699999906,0.01129999943,0.1767999977
3.365502091,-0.001300000004,-0.00810000021,0.1767999977
3.375481778,0.00829999987,0.01179999951,0.1669999957
3.385492716,-0.01079999935,-0.01630000025,0.1865999997
3.395503653,0.01769999973,0.01279999968,0.1571999937
3.405483341,0.0262000002,0.01129999943,0.1571999937
3.415494278,-0.003199999919,0.01079999935,0.1571999937
3.425506778,-0.003199999919,0.0008999999845,0.1669999957
3.435484903,0.006499999668,-0.00829999987,0.1669999957
3.445497403,-0.002399999881,-0.00820000004,0.1865999997
3.455508341,0.01669999957,0.01079999935,0.1865999997
3.465505216,-0.002399999881,9.999999747e-05,0.1767999977
3.475498966,0.01589999907,0.01939999871,0.157099992
3.485509903,0.01549999975,0.01040000003,0.157099992
3.495491153,0.01469999924,0.01069999952,0.157099992
3.505502091,0.003799999831,0.009099999443,0.157099992
3.515481778,0.003000000026,0.007699999958,0.166899994
3.525492716,0.001899999916,0.007400000002,0.157099992
3.535503653,0.001500000013,-0.001999999862,0.137500003
3.545483341,0.02029999904,0.007799999788,0.166899994
3.555492716,0.009800000116,0.006599999964,0.186499998
3.565505216,-0.0002999999851,-0.01339999959,0.176699996
3.575484903,-0.009800000116,-0.01269999985,0.157099992
3.585514591,0.008599999361,0.006599999964,0.157099992
3.595508341,-0.02070000023,-0.003799999831,0.176699996
3.605488028,-0.02039999887,0.006300000008,0.1963
3.615498966,-0.01059999969,0.0055999998,0.176699996
3.625509903,-0.01960000023,-0.003899999894,0.186499998
3.635488028,-0.000699999975,-0.01420000009,0.176699996
3.645500528,-0.009800000116,-0.01339999959,0.176699996
3.655480216,-0.008599999361,-0.003000000026,0.176699996
3.665491153,-0.01809999906,-0.0120000001,0.186499998
3.675502091,-0.02699999884,-0.002699999837,0.1963
3.685481778,-0.007100000046,-0.003000000026,0.186499998
3.695492716,-0.007100000046,-0.003000000026,0.186499998
3.705520841,-0.006300000008,0.006599999964,0.176699996
3.715484903,0.003000000026,0.006199999712,0.186499998
3.725494278,0.01279999968,-0.002899999963,0.157099992
3.735506778,-0.005899999756,-0.002399999881,0.1472999901
3.745486466,-0.01459999941,-0.001799999969,0.166899994
3.755497403,-0.004399999976,-0.001699999906,0.1767999977
3.765508341,-0.01349999942,0.00820000004,0.1865999997
3.775488028,0.006099999882,0.01740000024,0.1472999901
3.785498966,0.006000000052,-0.01129999943,0.1669999957
3.795509903,-0.01189999934,-0.001099999994,0.1571999937
3.805489591,0.4037999809,0.2154999971,0.04919999838
3.815502091,-0.6972000003,9.19299984,-0.5315999985
3.825498966,-1.68629992,9.131500244,1.296000004
3.835492716,-0.6656999588,1.747900009,1.383099914
3.845503653,-0.06909999996,0.2261999995,-1.573699951
3.855483341,0.4463999867,-1.806100011,0.4231999815
3.865492716,0.6396999955,-2.096400023,1.251699924
3.875505216,0.5144999623,-2.898699999,-0.7945999503
3.885484903,0.5160999894,-3.153999805,0.3944999874
3.895497403,0.3276999891,-3.272300005,0.7213000059
3.905508341,0.1937000006,-2.949999809,-0.2935000062
3.915486466,0.224699989,-2.983899832,0.4474999905
3.925498966,0.1594000012,-2.804999828,0.3463999927
3.935509903,0.106599994,-2.742399931,0.05029999837
3.945505216,0.04609999806,-2.753499985,0.324000001
3.955500528,-0.04949999973,-1.600699902,0.1572999954
3.965478653,9.999999747e-05,-0.01019999944,0.1965999901
3.975491153,0.02960000001,0.06669999659,0.1474999934
3.985502091,0.009999999776,-0.02889999934,0.1474999934
3.995481778,0.009499999695,0.03920000046,0.1867999882
4.005494278,0.01899999939,0.01999999955,0.1867000014
4.015503653,0.008799999952,0.05849999934,0.1572999954
4.025483341,-9.999999747e-05,0.03920000046,0.1965999901
4.035494278,0.009999999776,0.04779999703,0.1768999994
4.045506778,0.01899999939,0.03759999946,0.1572999954
4.055484903,0.03509999812,0.04600000009,0.1673000008
4.065514591,-0.002600000007,0.4195999801,0.1955999881
4.075508341,-0.07149999589,0.8073999882,0.229399994
4.085486466,-0.1018999964,0.912899971,0.2092999965
4.095500528,-0.09009999782,0.9503999949,0.2030999959
4.105509903,-0.07759999484,0.8869999647,0.1997999996
4.115489591,-0.09420000017,0.8141999841,0.1957999915
4.125502091,-0.0474999994,0.7576000094,0.2080999911
4.135481778,-0.01999999955,0.6617999673,0.1714999974
4.145491153,-0.009099999443,0.5575000048,0.1843999922
4.155503653,-0.003399999812,0.4688999951,0.1985999942
4.165483341,-0.01489999983,0.3664000034,0.1842999905
4.175492716,-0.008999999613,0.28549999,0.2004999965
4.185522403,-0.02410000004,0.1828999966,0.168599993
4.195484903,-0.01229999959,0.07589999586,0.1868999898
4.205497403,-0.0234999992,0.0111999996,0.157099992
4.215506778,-0.01379999984,0.009599999525,0.1669999957
4.225486466,-0.003199999919,0.03889999911,0.1669999957
4.235498966,0.006099999882,0.006699999794,0.157099992
4.245509903,-0.003599999938,0.00699999975,0.157099992
4.255489591,0.01549999975,0.01559999958,0.1865999997
4.265500528,0.0148,0.006399999838,0.176699996
4.275480216,0.01359999925,0.006599999964,0.166899994
4.285491153,0.02219999954,-0.002300000051,0.1963
4.295502091,0.002699999837,-0.002300000051,0.176699996
4.305498966,0.0120000001,-0.01090000011,0.176699996
4.315494278,0.0111999996,-0.0005999999703,0.176699996
4.325505216,0.001099999994,0.008999999613,0.166899994
4.335484903,-0.01799999923,-0.0005999999703,0.176699996
4.345494278,-0.03570000082,-0.01899999939,0.176699996
4.355506778,-0.03379999846,-0.009699999355,0.1865999997
4.365486466,-0.005099999718,0.007400000002,0.166899994
4.375497403,-0.004699999932,0.006300000008,0.1472999901
4.385508341,-0.003999999724,-0.01319999993,0.1964000016
4.395488028,-0.01260000002,-0.01389999967,0.1865999997
4.405500528,-0.002099999925,0.004999999888,0.1865999997
4.415511466,0.007199999876,0.00410000002,0.1865999997
4.425506778,0.006799999624,0.004399999976,0.1472999901
4.435500528,0.01509999949,0.00419999985,0.176699996
4.445481778,0.004499999806,0.00419999985,0.1865999997
4.455491153,-0.006000000052,0.00419999985,0.176699996
4.465503653,0.003000000026,0.00429999968,0.176699996
4.475483341,-0.01609999873,0.02400000021,0.166899994
4.485494278,-0.006000000052,0.01420000009,0.176699996
4.495505216,-0.006000000052,-0.02389999852,0.157099992
4.505484903,-0.01459999941,0.00569999963,0.157099992
4.515497403,0.005399999674,0.00549999997,0.157099992
4.525506778,-0.003599999938,-0.02249999903,0.1669999957
4.535488028,0.00689999992,-0.02169999853,0.1964000016
4.545516153,0.00689999992,-0.01189999934,0.1767999977
4.555509903,-0.02099999972,-0.01129999943,0.1964000016
4.565489591,-0.009999999776,-0.05810000002,0.1865999997
4.575500528,-0.01860000007,-0.05570000038,0.1865999997
4.585480216,-0.01819999889,-0.03429999948,0.1865999997
4.595491153,-0.01860000007,-0.0148,0.1865999997
4.605502091,-0.009399999864,-0.02479999885,0.1767999977
4.615483341,-0.009399999864,0.00689999992,0.1669999957
4.625492716,-0.0178999994,0.004699999932,0.1767999977
4.635505216,0.01040000003,0.0167999994,0.1571999937
4.645484903,0.01939999871,0.01420000009,0.1571999937
4.655494278,0.009099999443,0.02389999852,0.1865999997
4.665522403,0.009300000034,0.04179999977,0.1669999957
4.675486466,-0.01909999922,0.01339999959,0.1571999937
4.685497403,-0.01740000024,-0.005799999926,0.1669999957
4.695509903,0.002300000051,0.004900000058,0.1767999977
4.705488028,0.1154999956,0.06169999763,0.01989999972
4.715500528,2.099099874,3.931399822,0.1972000003
4.725478653,1.673799992,7.352799892,0.4716999829
4.735489591,-0.027999999,5.163099766,0.07310000062
4.745502091,0.08909999579,2.691400051,0.2504999936
4.755480216,-0.22299999,1.273100019,0.1990999877
4.765491153,-0.3055000007,-0.5174999833,0.1710999906
4.775503653,-0.4226999879,-2.928499937,0.1735999882
4.785500528,-0.4778999984,-3.244199991,0.2342999876
4.795494278,-0.4833000004,-3.241600037,0.2466999888
4.805505216,-0.4985999763,-3.140599966,0.2895999849
4.815484903,-0.5027999878,-3.022899866,0.1472999901
4.825495841,-0.5065999627,-2.924499989,0.1727000028
4.835506778,-0.4813999832,-2.815799952,0.2089999914
4.845488028,-0.5036000013,-2.706599951,0.2265999913
4.855498966,-0.5712000132,-2.730099916,0.225699991
4.865508341,-0.3524999917,-1.324599981,0.176699996
4.875489591,-0.01979999989,-0.02919999883,0.1765999943
4.885502091,0.008899999782,-0.06610000134,0.1177999973
4.895480216,-0.04789999872,-0.006799999624,0.225699991
4.905508341,-0.008499999531,0.002899999963,0.1569999903
4.915502091,-0.02779999934,0.02499999851,0.2061000019
4.925481778,-0.02809999883,0.01509999949,0.2061000019
4.935492716,-0.03759999946,0.01279999968,0.1472000033
4.945503653,-0.04690000042,0.0251000002,0.2061000019
4.955483341,-0.02169999853,0.01409999933,0.176699996
4.965495841,0.07339999825,0.1568999887,0.1791999936
4.975506778,0.1264999956,0.4637999833,0.1811999977
4.985486466,0.1322000027,0.7019000053,0.2049999982
4.995497403,0.1525000036,0.829400003,0.2162999958
5.005508341,0.1601999998,0.8768999577,0.2142999917
5.015488028,0.1453000009,0.8849999905,0.2453999966
5.025516153,0.1261000037,0.8159999847,0.2280000001
5.035480216,0.1422999948,0.7401999831,0.219599992
5.045491153,0.1188999936,0.6312999725,0.2020999938
5.055502091,0.1040999964,0.5604999661,0.165899992
5.065481778,0.08839999884,0.4696999788,0.1993999928
5.075492716,0.08129999787,0.3596999943,0.2045999914
5.085503653,0.05549999699,0.2597999871,0.1518999934
5.095481778,0.02840000018,0.169599995,0.1591999978
5.105494278,0.007599999662,0.07389999926,0.1771999896
5.115505216,-0.02389999852,0.0027999999,0.1768999994
5.125484903,-0.00410000002,0.03150000051,0.1768999994
5.135495841,0.006799999624,0.008700000122,0.1670999974
5.145523966,-0.01299999934,-0.01079999935,0.1669999957
5.155486466,-0.01129999943,-0.003000000026,0.1768999994
5.165498966,0.007699999958,-0.02019999921,0.1867000014
5.175509903,0.00699999975,-0.02659999952,0.1768999994
5.185489591,0.006199999712,-0.0055999998,0.1964999884
5.195500528,0.005099999718,0.004999999888,0.1571999937
5.205480216,-0.004499999806,-0.003700000001,0.1670999974
5.215491153,0.005200000014,0.006000000052,0.1670999974
5.225502091,0.01379999984,0.006199999712,0.1669999957
5.235483341,0.01269999985,0.006399999838,0.1571999937
5.245492716,0.002399999881,0.006699999794,0.1571999937
5.255505216,-0.01630000025,-0.004499999806,0.1669999957
5.265502091,0.01219999976,-0.00569999963,0.1473999918
5.275495841,0.01109999977,0.002499999944,0.1669999957
5.285506778,0.01109999977,-0.007899999619,0.1767999977
5.295486466,0.02019999921,0.0005999999703,0.1767999977
5.305497403,0.009999999776,0.0004999999655,0.1767999977
5.315508341,0.009699999355,0.0004999999655,0.1767999977
5.325488028,0.009599999525,-0.00810000021,0.1669999957
5.335500528,0.009399999864,0.0004999999655,0.1669999957
5.345480216,-0.0008999999845,0.01129999943,0.1767999977
5.355489591,0.00820000004,0.0111999996,0.1669999957
5.365502091,0.0251000002,0.03099999949,0.1473999918
5.375480216,0.01429999992,0.02099999972,0.1865999997
5.385509903,-0.005200000014,0.0111999996,0.1767999977
5.395503653,-0.005899999756,0.02889999934,0.1964000016
5.405483341,-0.01579999924,0.03619999811,0.1865999997
5.415494278,-0.02529999986,0.01659999974,0.166899994
5.425505216,-0.01519999932,-0.01269999985,0.1767999977
5.435486466,-0.01449999958,0.004499999806,0.1669999957
5.445497403,-0.004600000102,-0.01499999966,0.1865999997
5.455508341,-0.01429999992,-0.02489999868,0.1767999977
5.465486466,-0.004999999888,-0.002899999963,0.1669999957
5.475498966,0.004900000058,-0.02259999886,0.1767999977
5.485509903,0.004999999888,-0.02249999903,0.157099992
5.495489591,-0.01420000009,0.006799999624,0.1964000016
5.505517716,-0.005200000014,-0.003099999856,0.1767999977
5.515481778,0.0326000005,0.01620000042,0.1472999901
5.525492716,0.003499999875,0.01379999984,0.1472999901
5.535503653,0.003199999919,0.01370000001,0.166899994
5.545483341,0.003899999894,-0.01649999991,0.1865999997
5.555492716,-0.0055999998,-0.00569999963,0.157099992
5.565503653,-0.005200000014,0.01279999968,0.1865999997
5.575484903,-0.01420000009,0.01150000002,0.1865999997
5.585495841,-0.01349999942,-0.01709999889,0.1964000016
5.595508341,0.00569999963,-0.0262000002,0.1865999997
5.605486466,-0.003899999894,-0.04250000045,0.1669999957
5.615497403,0.03549999744,0.003999999724,0.117899999
5.625525528,1.654799938,3.209499836,0.01040000003
5.635488028,0.6353999972,10.54049969,0.1821999997
5.645500528,-1.541700006,8.018099785,0.7764999866
5.655478653,-0.7860999703,1.857499957,0.2775000036
5.665489591,-0.3136000037,0.396999985,-0.1966999918
5.675502091,0.07509999722,-2.082999945,0.34799999
5.685481778,0.1753000021,-3.276599884,0.3976999819
5.695491153,0.03619999811,-3.573999882,0.01559999958
5.705503653,0.05279999971,-3.346099854,0.2036999911
5.715483341,0.04069999978,-3.33829999,0.4611999989
5.725494278,-0.0175999999,-3.139899969,-0.00549999997
5.735505216,-0.007799999788,-3.048199892,0.2935000062
5.745502091,-0.03720000014,-2.936100006,0.3093000054
5.755497403,-0.05469999835,-2.834300041,0.04179999977
5.765508341,-0.07069999725,-2.787999868,0.3243999779
5.775488028,-0.1056999937,-1.439299941,0.1180000007
5.785498966,-0.007199999876,-0.07530000061,0.1964999884
5.795509903,0.01189999934,-0.05689999834,0.1572999954
5.805489591,-0.007599999662,-0.04829999804,0.1867000014
5.815500528,-0.02649999969,-0.05799999833,0.1768999994
5.825480216,-0.007199999876,-0.05810000002,0.1474999934
5.835491153,-0.03590000048,-0.05920000002,0.1867000014
5.845503653,-0.006000000052,-0.04199999943,0.1572999954
5.855483341,-0.006000000052,-0.06379999965,0.1768999994
5.865509903,-0.004499999806,-0.08309999853,0.1670999974
5.875505216,0.08190000057,0.06689999998,0.167899996
5.885484903,0.09089999646,0.4822999835,0.1907999963
5.895497403,0.03209999949,0.8413999677,0.2043000013
5.905508341,0.01109999977,0.9343000054,0.2242999971
5.915488028,-0.00159999996,0.980799973,0.2298999876
5.925498966,0.0009999999311,0.9418999553,0.2258999944
5.935509903,-0.001300000004,0.8438000083,0.2175000012
5.945488028,0.0004999999655,0.7289999723,0.1986999959
5.955500528,-0.006000000052,0.6105999947,0.1911999881
5.965480216,0.006199999712,0.527099967,0.2140000015
5.975491153,0.01549999975,0.4547999799,0.1985999942
5.985519278,-0.003099999856,0.3625999987,0.1744999886
5.995481778,-0.01289999951,0.2419999987,0.1710999906
6.005492716,0.005099999718,0.1688999981,0.1784999967
6.015505216,0.01229999959,0.07360000163,0.1574999988
6.025483341,-0.01069999952,0.009499999695,0.1669999957
6.035494278,-0.0009999999311,0.01919999905,0.1865999997
6.045505216,-0.0002999999851,0.01929999888,0.1767999977
6.055486466,0.027999999,0.03779999912,0.1571999937
6.065497403,0.007199999876,0.0186999999,0.1669999957
6.075508341,0.006799999624,0.01860000007,0.1767999977
6.085488028,0.02400000021,0.02850000001,0.157099992
6.095500528,0.01359999925,0.009399999864,0.1767999977
6.105527091,0.01279999968,0.0195000004,0.166899994
6.115489591,-0.006699999794,0.01840000041,0.176699996
6.125500528,-0.01539999992,-0.0002999999851,0.1669999957
6.135481778,-0.02449999936,-0.01879999973,0.1669999957
6.145491153,-0.01420000009,-0.03669999912,0.1571999937
6.155503653,-0.02279999852,-0.02630000003,0.1669999957
6.165483341,-0.03109999932,-0.01620000042,0.1767999977
6.175494278,-0.02019999921,-0.05409999937,0.1767999977
6.185505216,-0.009899999946,-0.04360000044,0.1865999997
6.195484903,-0.009599999525,-0.06199999899,0.1865999997
6.205495841,-0.009599999525,-0.04259999841,0.1669999957
6.215508341,0.009599999525,-0.01409999933,0.1669999957
6.225503653,0.0001999999949,-0.004499999806,0.1571999937
6.235498966,-0.0001999999949,0.02449999936,0.1669999957
6.245509903,0.0178999994,0.02249999903,0.1865999997
6.255488028,0.01699999906,0.03179999813,0.1669999957
6.265500528,-0.001999999862,0.0215999987,0.1669999957
6.275480216,-0.01189999934,0.03099999949,0.1669999957
6.285489591,-0.002099999925,0.03049999848,0.1767999977
6.295502091,0.007299999706,0.02070000023,0.1767999977
6.305483341,0.00810000021,0.02129999921,0.1865999997
6.315492716,-0.001300000004,0.02139999904,0.1571999937
6.325505216,-0.01979999989,-0.02529999986,0.1669999957
6.335484903,-0.008499999531,-0.01359999925,0.1767999977
6.345511466,-0.007299999706,-0.003000000026,0.1669999957
6.355506778,-0.006099999882,-0.02080000006,0.1571999937
6.365486466,0.003599999938,-0.009599999525,0.1670999974
6.375497403,0.003299999982,-0.008799999952,0.1964999884
6.385508341,-0.02569999918,-0.01809999906,0.1670999974
6.395488028,-0.006099999882,-0.009099999443,0.1867000014
6.405498966,-0.01589999907,-0.009399999864,0.1768999994
6.415511466,-0.01630000025,-0.01889999956,0.1867000014
6.425489591,-0.01630000025,-0.001300000004,0.1964999884
6.435500528,0.002899999963,0.006499999668,0.1669999957
6.445480216,0.01189999934,0.02249999903,0.1473999918
6.455492716,0.00159999996,0.02039999887,0.1571999937
6.465520841,0.03049999848,0.0178999994,0.1669999957
6.475483341,0.02960000001,0.01529999916,0.1669999957
6.485494278,0.01850000024,0.0175999999,0.1669999957
6.495505216,0.009099999443,-0.0007999999798,0.1767999977
6.505484903,0.0,0.01889999956,0.1865999997
6.515495841,-0.0186999999,0.009200000204,0.1669999957
6.525506778,0.0003999999899,0.0007999999798,0.1669999957
6.535488028,0.02869999968,0.01139999926,0.1767999977
6.545498966,-0.009599999525,0.01159999985,0.1767999977
6.555509903,-0.01819999889,-0.007100000046,0.1865999997
6.565489591,-0.271600008,5.514499664,-0.3210999966
6.575500528,-1.39230001,13.98639965,0.6500999928
6.585497403,-1.148299932,6.148299694,1.147799969
6.595491153,-0.5712000132,-0.6685000062,-0.7026000023
6.605502091,-0.02499999851,-1.685099959,0.3343999982
6.615481778,0.6696000099,-4.309499741,0.742299974
6.625492716,0.507799983,-3.40899992,-0.3648999929
6.635503653,0.6042000055,-3.865700006,0.5173999667
6.645484903,0.4614000022,-3.347999811,0.3138999939
6.655495841,0.4553999901,-3.34649992,-0.06499999762
6.665505216,0.4578999877,-3.104199886,0.5281999707
6.675484903,0.3562999964,-3.01789999,0.171299994
6.685497403,0.2964999974,-2.84559989,0.03150000051
6.695509903,0.2861000001,-2.844499826,0.461499989
6.705505216,0.2186999917,-2.669499874,0.1081999987
6.715500528,0.00419999985,-0.2644999921,0.1572999954
6.725511466,-0.04169999808,0.3412999809,0.304399997
6.735489591,0.05509999767,-0.1792999953,0.08869999647
6.745500528,-0.03119999915,0.2054999918,0.235799998
6.755480216,-0.00139999995,-0.06469999999,0.1768999994
6.765492716,0.007599999662,0.1084999964,0.1474999934
6.775503653,-0.0111999996,0.001500000013,0.1965999901
6.785483341,0.02840000018,0.08739999682,0.1670999974
6.795494278,0.0083999997,0.02850000001,0.1768999994
6.805505216,0.007599999662,0.009099999443,0.1867000014
6.815486466,0.01509999949,0.2430000007,0.1606999934
6.825513028,-0.06159999967,0.8294999599,0.222299993
6.835506778,-0.1015999988,1.093299985,0.2507999837
6.845486466,-0.1296999902,1.096599936,0.2524999976
6.855498966,-0.1557999998,1.074399948,0.2400999963
6.865509903,-0.1158000007,0.9287999868,0.2166000009
6.875489591,-0.119599998,0.8667999506,0.2166999876
6.885500528,-0.09929999709,0.7271999717,0.2260999978
6.895480216,-0.07459999621,0.6409999728,0.1888999939
6.905491153,-0.04979999736,0.548699975,0.1623999923
6.915502091,-0.03399999812,0.4337999821,0.1865999997
6.925481778,-0.0215999987,0.3364000022,0.1724999994
6.935494278,-0.03009999916,0.1938999891,0.189199999
6.945522403,-0.02829999849,0.09619999677,0.1774999946
6.955484903,0.008999999613,0.01979999989,0.1865999997
6.965495841,0.01809999906,0.01659999974,0.1865999997
6.975506778,-0.003299999982,0.009499999695,0.1571999937
6.985486466,0.007999999449,0.0002999999851,0.1964000016
6.995497403,0.01539999992,0.02639999986,0.1865999997
7.005508341,0.01420000009,0.02269999869,0.176699996
7.015488028,0.01370000001,0.03240000084,0.166899994
7.025498966,-0.006799999624,0.01269999985,0.166899994
7.035511466,0.003199999919,0.01519999932,0.176699996
7.045491153,0.003000000026,0.03240000084,0.1964000016
7.055502091,0.002499999944,0.01269999985,0.176699996
7.065497403,-0.0159999989,-0.006599999964,0.176699996
7.075491153,-0.00569999963,-0.008899999782,0.1865999997
7.085503653,0.01269999985,-0.0335999988,0.186499998
7.095483341,-0.02459999919,-0.05529999733,0.1964000016
7.105494278,-0.005299999844,-0.03579999879,0.157099992
7.115506778,-0.01449999958,-0.03559999913,0.1865999997
7.125484903,-0.0148,-0.02339999937,0.1865999997
7.135497403,-0.004900000058,-0.02579999901,0.1964000016
7.145508341,0.003999999724,-0.003899999894,0.166899994
7.155486466,-0.004900000058,0.01329999976,0.157099992
7.165498966,0.00429999968,0.01569999941,0.1767999977
7.175509903,-0.004499999806,0.003599999938,0.157099992
7.185505216,-0.005099999718,0.003499999875,0.166899994
7.195502091,0.01260000002,0.02279999852,0.186499998
7.205481778,0.01219999976,0.02279999852,0.176699996
7.215491153,0.0027999999,0.0131000001,0.166899994
7.225502091,-0.006499999668,0.01079999935,0.176699996
7.235481778,0.003299999982,-0.01850000024,0.186499998
7.245492716,-0.006000000052,0.01339999959,0.1865999997
7.255505216,0.003799999831,-0.003700000001,0.176699996
7.265484903,0.01389999967,-0.01339999959,0.1767999977
7.275495841,-0.01499999966,-0.02139999904,0.1865999997
7.285506778,0.004399999976,-0.02899999917,0.1767999977
7.295486466,0.004499999806,-0.01719999872,0.1865999997
7.305514591,-0.004799999762,-0.01579999924,0.1865999997
7.315508341,-0.02410000004,-0.005399999674,0.1767999977
7.325488028,-0.03269999847,0.00419999985,0.1767999977
7.335500528,-0.02139999904,0.003199999919,0.1865999997
7.345511466,-0.02139999904,0.00139999995,0.1669999957
7.355491153,-0.0206000004,9.999999747e-05,0.1571999937
7.365502091,-0.001300000004,-0.02009999938,0.1767999977
7.375481778,-0.001699999906,-0.001199999941,0.1767999977
7.385491153,-0.01109999977,-0.001899999916,0.1669999957
7.395503653,-0.0009999999311,0.007899999619,0.1865999997
7.405483341,0.0178999994,-0.001899999916,0.1865999997
7.415494278,-0.01079999935,-0.009599999525,0.1669999957
7.425522403,0.0271999985,0.01889999956,0.1278000027
7.435486466,1.19419992,1.657699943,0.09820000082
7.445497403,1.758599997,7.489299774,0.4673999846
7.455508341,-0.06679999828,7.974699974,0.2403999865
7.465488028,-0.06859999895,2.63319993,0.3586999774
7.475498966,-0.1557999998,-0.5838999748,0.03599999845
7.485508341,-0.09769999981,-2.413599968,0.3740999997
7.495488028,-0.2685000002,-3.329900026,0.2682999969
7.505500528,-0.309499979,-3.199299812,-0.002899999963
7.515480216,-0.3199000061,-3.163100004,0.4817999899
7.525491153,-0.3211999834,-3.021499872,0.1832000017
7.535502091,-0.3308999836,-2.89109993,0.1604000032
7.545498966,-0.2926000059,-2.742399931,0.3445000052
7.555492716,-0.3606999815,-2.633699894,0.127700001
7.565505216,-0.3392999768,-2.524499893,0.2647999823
7.575484903,-0.3764999807,-2.481600046,0.2558999956
7.585495841,-0.4018999934,-2.417399883,0.1010999978
7.595506778,-0.2467999905,-0.8913999796,0.2592000067
7.605484903,-0.03139999881,0.2843999863,0.2101999968
7.615497403,-0.002699999837,0.2169999927,0.1513999999
7.625508341,-0.04120000079,0.3037,0.2395999879
7.635488028,-0.02199999988,0.2926999927,0.1512999982
7.645500528,-0.03139999881,0.3107999861,0.2002999932
7.655480216,-0.02080000006,0.2899999917,0.2002999932
7.665506778,-0.002399999881,0.3166999817,0.1708000004
7.675502091,-0.03969999775,0.277399987,0.2197999954
7.685480216,0.02850000001,0.3439999819,0.173299998
7.695492716,0.111499995,0.6410999894,0.1997999996
7.705503653,0.09399999678,0.9492999911,0.2378999889
7.715483341,0.1059999987,1.065899968,0.242899999
7.725494278,0.09519999474,1.077000022,0.2833999991
7.735506778,0.0876000002,0.9980999827,0.237499997
7.745484903,0.08280000091,0.8894999623,0.2368000001
7.755497403,0.07599999756,0.7906000018,0.2076999992
7.765508341,0.06870000064,0.7186999917,0.21859999
7.775486466,0.06069999933,0.6363999844,0.2304999977
7.785516153,0.05199999735,0.5449000001,0.1944999993
7.795509903,0.05389999971,0.4549999833,0.1889999956
7.805489591,0.03339999914,0.3740999997,0.1844999939
7.815500528,0.02309999987,0.255099982,0.171299994
7.825480216,0.02019999921,0.1532000005,0.1884000003
7.835491153,0.01539999992,0.0495999977,0.1869999915
7.845503653,0.01589999907,0.01389999967,0.1964999884
7.855483341,0.02469999902,0.004600000102,0.1669999957
7.865492716,0.00569999963,0.01229999959,0.1867000014
7.875503653,0.02389999852,0.02269999869,0.1571999937
7.885484903,0.00429999968,-0.005200000014,0.1571999937
7.895495841,-0.005399999674,0.006599999964,0.1867000014
7.905523966,0.01370000001,0.02639999986,0.1768999994
7.915486466,-0.0139999995,0.01860000007,0.1768999994
7.925497403,-0.004600000102,0.01899999939,0.1867000014
7.935509903,-0.00429999968,0.01009999961,0.1768999994
7.945488028,-0.01289999951,0.01049999986,0.1867000014
7.955498966,0.006199999712,0.0001999999949,0.1768999994
7.965480216,0.006199999712,-0.01019999944,0.1670999974
7.975491153,-0.01289999951,-0.02999999933,0.1964999884
7.985502091,-0.003499999875,-0.04949999973,0.1867000014
7.995481778,0.01489999983,-0.03099999949,0.1670999974
8.005492716,0.02309999987,-0.03199999779,0.1964999884
8.015503653,-0.006499999668,-0.03229999915,0.1867000014
8.025500528,-0.00689999992,-0.01249999925,0.1865999997
8.035494278,-0.007299999706,-0.003000000026,0.1865999997
8.045505216,-0.01669999957,0.00689999992,0.1767999977
8.055486466,0.01139999926,0.03610000014,0.1669999957
8.065497403,0.01979999989,0.03449999914,0.1571999937
8.075508341,0.009200000204,0.03350000083,0.1865999997
8.085486466,-0.009999999776,0.03219999745,0.1865999997
8.095498966,-0.01860000007,0.02209999971,0.1571999937
8.105509903,-0.01719999872,0.04069999978,0.1473999918
8.115489591,0.01189999934,0.02009999938,0.1669999957
8.125500528,0.0027999999,0.01090000011,0.1865999997
8.135481778,-0.006499999668,0.0005999999703,0.1669999957
8.145508341,-0.006599999964,-0.01769999973,0.1865999997
8.155503653,0.01299999934,-0.02569999918,0.1767999977
8.165483341,0.002399999881,-0.0431999974,0.1669999957
8.175492716,-0.007299999706,-0.05969999731,0.2062999904
8.185505216,-0.007299999706,-0.02879999951,0.1964999884
8.195484903,0.00159999996,-0.00829999987,0.1669999957
8.205495841,0.001699999906,0.02009999938,0.1571999937
8.215508341,-0.007699999958,0.01889999956,0.1669999957
8.225486466,0.001300000004,0.02659999952,0.1669999957
8.235498966,0.0103000002,0.03289999813,0.1767999977
8.245508341,0.0008999999845,0.02070000023,0.1669999957
8.255488028,-0.007699999958,0.01850000024,0.1964000016
8.265516153,0.00159999996,0.02569999918,0.1767999977
8.275480216,0.00139999995,0.01349999942,0.1571999937
8.285489591,0.0103000002,0.01329999976,0.1669999957
8.295502091,0.008999999613,0.0131000001,0.1767999977
8.305481778,0.03749999776,-0.006599999964,0.1964000016
8.315492716,0.7996999621,4.413399696,-0.0964999944
8.325503653,-0.7871999741,14.20370007,0.4310999811
8.335483341,-1.690499902,7.565699577,0.8651999831
8.345494278,-0.670599997,0.04529999942,-0.3447999954
8.355505216,-0.03849999979,-0.8574000001,0.1761000007
8.365486466,0.5607999563,-4.072299957,0.6528999805
8.375497403,0.3349999785,-3.314599991,-0.02309999987
8.385525528,0.3808999956,-3.69389987,0.3098999858
8.395488028,0.2920999825,-3.225299835,0.3021999896
8.405500528,0.2739000022,-3.346599817,0.1576000005
8.415509903,0.2648999989,-3.101399899,0.2301999927
8.425488028,0.236499995,-3.088799953,0.1859999895
8.435500528,0.1805000007,-2.901899815,0.1920000017
8.445480216,0.1457999945,-2.821099997,0.228399992
8.455491153,0.1120999977,-2.719499826,0.1775999963
8.465503653,0.09799999744,-2.740499973,0.2257999927
8.475483341,0.009399999864,-1.436800003,0.1867000014
8.485494278,0.01879999973,0.05359999835,0.1474999934
8.495505216,0.008700000122,0.053299997,0.1375999898
8.505502091,0.007899999619,0.1093999967,0.1571999937
8.515495841,-0.0111999996,0.09759999812,0.1473999918
8.525506778,0.01740000024,0.1046999991,0.1669999957
8.535488028,0.01699999906,0.08320000023,0.1571999937
8.545498966,-0.002199999988,0.05309999734,0.1473999918
8.555509903,-0.000699999975,0.04219999909,0.1571999937
8.565488028,0.04129999876,0.192900002,0.169599995
8.575500528,0.009999999776,0.75,0.2093999982
8.585480216,-0.05900000036,1.08920002,0.2624000013
8.595489591,-0.08919999748,1.133700013,0.2382999957
8.605502091,-0.104399994,1.146299958,0.2299999893
8.615481778,-0.08569999784,1.004400015,0.2461999953
8.625509903,-0.05649999902,0.9332000017,0.2169999927
8.635505216,-0.04459999874,0.8434000015,0.2162999958
8.645483341,-0.05460000038,0.738599956,0.2081999928
8.655494278,-0.05480000004,0.6529999971,0.1904999912
8.665505216,-0.04509999976,0.5722999573,0.2036999911
8.675484903,-0.04559999704,0.4682999849,0.1981000006
8.685497403,-0.0195000004,0.3770999908,0.1838999987
8.695508341,-0.02339999937,0.2845999897,0.1706999987
8.705488028,-0.01879999973,0.1727000028,0.1781999916
8.715498966,-0.01459999941,0.06549999863,0.1867999882
8.725509903,-0.01379999984,0.007299999706,0.166899994
8.735489591,-0.003199999919,0.01669999957,0.1767999977
8.745517716,0.006399999838,0.00810000021,0.157099992
8.755480216,0.006199999712,0.01229999959,0.1767999977
8.765491153,-0.003599999938,0.01229999959,0.1767999977
8.775502091,0.02520000003,0.01569999941,0.1964000016
8.785483341,0.006099999882,-0.001699999906,0.1767999977
8.795492716,-0.01299999934,-0.01899999939,0.1767999977
8.805505216,-0.01269999985,0.01150000002,0.1865999997
8.815484903,-0.01189999934,-0.01730000041,0.1669999957
8.825495841,-0.0111999996,-0.01740000024,0.1669999957
8.835506778,-0.0009999999311,-0.02730000019,0.1767999977
8.845486466,-0.009999999776,-0.02740000002,0.1669999957
8.855497403,-0.01899999939,-0.03700000048,0.1669999957
8.865525528,-0.02769999951,-0.0186999999,0.1669999957
8.875488028,-0.00699999975,-0.02859999985,0.1865999997
8.885500528,0.02229999937,-0.0186999999,0.1865999997
8.895478653,-0.006499999668,-0.01960000023,0.1964000016
8.905491153,-0.006499999668,-0.009699999355,0.1964000016
8.915502091,0.01229999959,0.01889999956,0.1767999977
8.925481778,0.01109999977,0.0186999999,0.1669999957
8.935492716,0.02939999849,0.03819999844,0.1571999937
8.945503653,-0.0002999999851,0.01919999905,0.1865999997
8.955483341,-0.01009999961,0.01860000007,0.1964000016
8.965494278,-0.0005999999703,0.01860000007,0.1669999957
8.975506778,-0.01040000003,0.01860000007,0.1767999977
8.985502091,-0.009899999946,0.0186999999,0.1964000016
8.995497403,9.999999747e-05,-0.009300000034,0.1767999977
9.005508341,-0.01829999872,-0.02679999918,0.1767999977
9.015488028,0.001199999941,-0.01559999958,0.1473999918
9.025498966,0.01189999934,-0.02369999886,0.1669999957
9.035509903,0.01179999951,-0.03189999983,0.1767999977
9.045489591,0.01109999977,-0.03099999949,0.1669999957
9.055500528,0.0008999999845,-0.02899999917,0.1767999977
9.065480216,-0.008799999952,-0.03769999743,0.1767999977
9.075491153,-0.02769999951,-0.01779999956,0.1767999977
9.085503653,-0.01709999889,0.0008999999845,0.1867000014
9.095483341,-0.01669999957,0.0,0.1571999937
9.105509903,-0.0262000002,-0.000699999975,0.1473999918
9.115505216,-0.007299999706,0.007899999619,0.1767999977
9.125484903,0.01150000002,0.02579999901,0.1571999937
9.135495841,-0.00689999992,0.0431999974,0.1669999957
9.145506778,0.2945999801,0.01260000002,-0.2547000051
9.155486466,3.522899866,5.739500046,0.2084999979
9.165497403,2.192699909,9.993700027,1.423799992
9.175508341,0.005299999844,2.961599827,-0.6638999581
9.185488028,-0.5967999697,0.425999999,1.14380002
9.195500528,-0.5264999866,-2.204799891,0.2760999799
9.205480216,-0.7985000014,-3.130599976,-0.3488999903
9.215491153,-0.5963000059,-3.231400013,0.6836999655
9.225519278,-0.6940999627,-3.051999807,0.2074999958
9.235481778,-0.636500001,-2.988899946,-0.07149999589
9.245492716,-0.6176999807,-2.886799812,0.5134999752
9.255503653,-0.6090999842,-2.738899946,0.0700000003
9.265484903,-0.5898000002,-2.620599985,0.166899994
9.275494278,-0.5794999599,-2.503399849,0.3922999799
9.285506778,-0.5974999666,-2.330899954,0.05969999731
9.295486466,-0.5665000081,-2.293499947,0.2477999926
9.305497403,-0.6211999655,-2.291599989,0.2997999787
9.315508341,-0.1454999894,-0.2129999995,0.1436000019
9.325486466,0.06589999795,0.5606999993,0.1627999991
9.335498966,-0.06969999522,0.1737999916,0.1825999916
9.345527091,0.02589999884,0.4335999787,0.1823999882
9.355489591,-0.01439999975,0.2872000039,0.1823999882
9.365502091,0.003999999724,0.4202999771,0.1823000014
9.375480216,-0.01509999949,0.3414999843,0.1626999974
9.385491153,-0.02499999851,0.3605999947,0.2116999924
9.395503653,-0.003399999812,0.3208000064,0.1724999994
9.405483341,0.1397999972,0.5622999668,0.2146999985
9.415492716,0.2164999992,0.9587000012,0.2206999958
9.425505216,0.2259999961,1.090099931,0.255799979
9.435484903,0.2233999968,1.096199989,0.2422999889
9.445495841,0.2125999928,1.034699917,0.2456
9.455506778,0.1802999973,0.9409999847,0.2541999817
9.465503653,0.1850000024,0.8432999849,0.2439999878
9.475498966,0.1366999894,0.7369999886,0.224999994
9.485509903,0.1189999953,0.6473999619,0.1968999952
9.495489591,0.1112999991,0.5681999922,0.2189999968
9.505500528,0.1116999984,0.4887999892,0.2028999925
9.515480216,0.08309999853,0.3906999826,0.1975999922
9.525491153,0.04529999942,0.3312000036,0.1835999936
9.535503653,0.0346999988,0.2442999929,0.180399999
9.545481778,0.05240000039,0.1642999947,0.1586000025
9.555491153,0.01840000041,0.0607999973,0.1965999901
9.565503653,0.01260000002,0.01899999939,0.1767999977
9.575483341,0.005799999926,0.02829999849,0.1867000014
9.585511466,0.02229999937,0.02180000022,0.2061999887
9.595506778,0.02309999987,0.02529999986,0.1767999977
9.605486466,0.0223999992,0.01409999933,0.1767999977
9.615498966,0.01299999934,-0.02919999883,0.1867000014
9.625508341,0.02199999988,-0.01719999872,0.1964999884
9.635488028,0.001999999862,-0.0231999997,0.1768999994
9.645498966,-0.0260999985,-0.05920000002,0.1768999994
9.655509903,-0.01559999958,-0.03639999777,0.1670999974
9.665489591,-0.03439999744,-0.01519999932,0.1768999994
9.675502091,-0.0242999997,-0.02359999903,0.2062999904
9.685481778,-0.01409999933,-0.01449999958,0.1964999884
9.695492716,-0.02309999987,-0.01569999941,0.1964999884
9.705520841,-0.02279999852,-0.007400000002,0.1768999994
9.715483341,0.006599999964,0.009699999355,0.1670999974
9.725492716,0.005399999674,-0.01159999985,0.1768999994
9.735505216,0.00429999968,-0.003799999831,0.1572999954
9.745484903,0.01299999934,0.0231999997,0.1572999954
9.755497403,0.01260000002,0.03109999932,0.1768999994
9.765506778,0.03059999831,0.02929999866,0.1767999977
9.775488028,0.01889999956,0.02879999951,0.1669999957
9.785498966,-0.00139999995,0.02889999934,0.1964000016
9.795509903,0.008700000122,0.02960000001,0.1767999977
9.805488028,-0.009999999776,0.03029999882,0.1767999977
9.815502091,0.0,0.03039999865,0.1669999957
9.825497403,9.999999747e-05,0.03039999865,0.1571999937
9.835491153,0.0008999999845,0.02089999989,0.1767999977
9.845502091,-0.02649999969,0.002600000007,0.1867000014
9.855483341,-0.03399999812,0.003299999982,0.1670999974
9.865492716,-0.003799999831,-0.03539999947,0.1867000014
9.875503653,0.006599999964,-0.04409999773,0.1670999974
9.885484903,-0.002699999837,-0.03390000015,0.1572999954
9.895494278,-0.003399999812,-0.03509999812,0.1670999974
9.905506778,0.00549999997,-0.03539999947,0.1867000014
9.915486466,-0.005299999844,-0.01640000008,0.1867000014
9.925497403,0.01260000002,0.001799999969,0.1669999957
9.935508341,0.002099999925,0.02889999934,0.1865999997
9.945505216,-0.0083999997,0.03590000048,0.1669999957
9.955498966,9.999999747e-05,0.0335999988,0.1767999977
9.965509903,9.999999747e-05,0.03219999745,0.1669999957
9.975489591,0.009499999695,0.02979999967,0.1571999937
9.985502091,0.009099999443,0.02850000001,0.1375999898
9.995481778,0.0186999999,0.02679999918,0.1669999957
10.00549272,-0.0004999999655,0.01709999889,0.1767999977
10.01550365,0.0005999999703,0.2805999815,0.1669999957
10.02548334,-1.73179996,13.99599934,-0.6491999626
10.03549272,-1.96449995,11.58640003,1.589399934
10.04550522,-0.8738999963,0.9092999697,0.7457999587
10.0554849,-0.2845000029,0.3804999888,-1.314599991
10.06551459,0.8933999538,-4.032099724,1.200799942
10.07550834,0.7623999715,-3.851899862,0.2863000035
10.08548647,0.6362999678,-4.04460001,-0.4411999881
10.09549897,0.6911000013,-3.656099796,0.6570999622
10.10550834,0.5730999708,-3.655999899,0.344599992
10.11548803,0.5263000131,-3.295599937,-0.08339999616
10.12550053,0.5090999603,-3.32130003,0.2836999893
10.13548022,0.4629999995,-3.181099892,0.2795999944
10.14549115,0.3899999857,-3.023299932,0.1199999973
10.15550209,0.3666999936,-2.923699856,0.3145000041
10.16548178,0.2963999808,-2.832499981,0.118099995
10.17549272,0.07829999924,-0.2994999886,0.1181999967
10.18552084,-0.009099999443,0.3454999924,0.255400002
10.1954849,0.0665999949,-0.1841000021,0.1770000011
10.20549428,0.02659999952,-0.02379999869,0.1867999882
10.21550678,0.02579999901,0.111499995,0.1278999895
10.22548647,-0.01219999976,0.03419999778,0.1867999882
10.2354974,-0.00159999996,0.1201999933,0.1573999971
10.24550834,-0.0004999999655,0.02369999886,0.1671999991
10.25548803,-0.01889999956,0.05299999937,0.1965999901
10.26549897,0.0008999999845,0.03559999913,0.1574999988
10.27551147,-0.06949999928,0.5952999592,0.1969999969
10.28548959,-0.1612000018,1.072299957,0.2322999984
10.29550209,-0.192900002,1.146000028,0.2525999844
10.3054974,-0.201700002,1.191900015,0.2990999818
10.31549272,-0.1842999905,1.086400032,0.2561999857
10.32550365,-0.1511999965,0.9690999985,0.2338999957
10.33548334,-0.1225999966,0.8745999932,0.2211999893
10.34549428,-0.09139999747,0.7935000062,0.2012999952
10.35550522,-0.08320000023,0.6578999758,0.2117999941
10.3654849,-0.05689999834,0.578700006,0.1849000007
10.37549584,-0.06859999895,0.4842999876,0.1787
10.38550678,-0.05199999735,0.3805999756,0.1639000028
10.39548647,-0.009499999695,0.2969000041,0.1604000032
10.40549897,0.003199999919,0.1832999885,0.167899996
10.4155099,0.01359999925,0.05939999968,0.1669999957
10.42550678,-0.01239999942,0.05209999904,0.1571999937
10.43550053,0.01519999932,0.04519999772,0.1571999937
10.44548022,0.01659999974,0.03579999879,0.1669999957
10.45549115,-0.02129999921,0.0055999998,0.1669999957
10.46550209,-0.0005999999703,-0.002899999963,0.1767999977
10.47548178,-0.001199999941,-0.04149999842,0.1571999937
10.48549272,-0.01109999977,-0.0645999983,0.1669999957
10.49550365,0.007599999662,-0.03350000083,0.1669999957
10.5054849,-0.01260000002,-0.06920000166,0.1767999977
10.51549428,-0.02209999971,-0.07589999586,0.1767999977
10.52550678,-0.02169999853,-0.04499999806,0.1865999997
10.53548647,-0.02169999853,-0.04409999773,0.1669999957
10.54551459,-0.0401000008,-0.02489999868,0.1767999977
10.55550834,-0.01979999989,0.002600000007,0.1865999997
10.56548803,0.008799999952,0.009999999776,0.1865999997
10.57549897,0.0083999997,0.02630000003,0.1767999977
10.58547865,0.0083999997,0.02379999869,0.1964000016
10.59548959,0.02759999968,0.02259999886,0.1964000016
10.60550053,0.02689999901,0.02080000006,0.1767999977
10.61548022,0.007599999662,0.01999999955,0.1767999977
10.62549272,0.01620000042,0.02019999921,0.1865999997
10.63550365,-0.003700000001,0.0204999987,0.1964000016
10.64548334,-0.01219999976,0.02169999853,0.1964000016
10.65549428,-0.001699999906,-0.004699999932,0.1767999977
10.6655224,-0.02919999883,-0.02129999921,0.1767999977
10.67548647,-0.02850000001,-0.0083999997,0.1964999884
10.68549584,-0.01709999889,-0.01539999992,0.1867000014
10.69550678,-0.02499999851,-0.03159999847,0.2062999904
10.70548647,-0.02459999919,-0.01989999972,0.1768999994
10.71549897,-0.0139999995,-0.05619999766,0.1964999884
10.7255099,0.005399999674,-0.04499999806,0.1768999994
10.73548959,0.004999999888,-0.03559999913,0.1768999994
10.74550053,0.005399999674,-0.03480000049,0.1964999884
10.75548022,0.004999999888,-0.0167999994,0.1670999974
10.76549115,0.02309999987,-0.009300000034,0.1670999974
10.77550209,0.0215999987,0.02709999867,0.1867000014
10.78550053,0.01999999955,0.03379999846,0.1867000014
10.79549428,-0.0009999999311,0.03139999881,0.1865999997
10.80550365,-0.001799999969,0.03049999848,0.1865999997
10.8154849,0.007999999449,0.02960000001,0.1767999977
10.82549428,-0.01079999935,0.02950000018,0.1865999997
10.83550678,-0.01009999961,0.02969999984,0.1571999937
10.84548647,0.01019999944,0.02960000001,0.1571999937
10.85549897,0.01109999977,0.02009999938,0.1669999957
10.86550834,-0.007699999958,0.0111999996,0.1669999957
10.87548803,0.6434999704,0.2002999932,-0.1468999982
10.88549897,2.944299936,7.626999855,0.4063999951
10.89548022,0.4865999818,9.938799858,0.9080999494
10.90550678,-1.395399928,4.913300037,-0.3673999906
10.91550209,-0.5363000035,2.234200001,0.2241999954
10.92548178,-0.765599966,-1.419199944,0.5561000109
10.93549272,-0.1648000032,-3.538699865,-0.1106999964
10.94550365,-0.3131999969,-4.269599915,0.504799962
10.95548334,-0.2199999988,-3.902099848,0.1618999988
10.96549428,-0.2899000049,-3.799700022,0.2030999959
10.97550522,-0.2335999906,-3.544999838,0.2459999919
10.9854849,-0.2920999825,-3.295300007,0.1334999949
10.99549584,-0.2257999927,-3.097800016,0.228399992
11.00550834,-0.2556000054,-2.893499851,0.2069000006
11.01548647,-0.2644999921,-2.815199852,0.1963
11.02551615,-0.2065999955,-1.905099988,0.2063999921
11.0355099,0.0,-0.16049999,0.1867999882
11.04548959,0.03769999743,0.1498000026,0.1573999971
11.05550053,-0.01090000011,-0.01370000001,0.235799998
11.06548022,0.008599999361,0.1022999957,0.1377999932
11.07549115,-0.01090000011,0.02539999969,0.2063999921
11.08550365,-0.01090000011,0.04580000043,0.1770000011
11.09548178,-0.01009999961,0.03709999844,0.1573999971
11.10549272,-0.009300000034,0.05669999868,0.1867999882
11.11550522,-0.009300000034,0.009099999443,0.2063999921
11.1254849,0.01689999923,0.008899999782,0.1870999932
11.13549428,0.1287999898,0.3120000064,0.2162999958
11.14552397,0.1458999962,0.7694999576,0.232799992
11.15548647,0.1150999963,0.9575999975,0.2334999889
11.16549897,0.09829999506,1.087199926,0.2771999836
11.1755099,0.07220000029,1.067799926,0.2854000032
11.18548803,0.06909999996,0.9795999527,0.2349999994
11.19549897,0.05089999735,0.8598999977,0.2314999998
11.20548022,0.0644999966,0.7567999959,0.2400999963
11.21549115,0.05539999902,0.6426999569,0.2010999918
11.22550209,0.04829999804,0.5428000093,0.1835999936
11.23548178,0.0383999981,0.4469999969,0.1972000003
11.24549272,0.0307,0.3349999785,0.163199991
11.25550522,0.03099999949,0.2265999913,0.1697999984
11.26550053,0.0111999996,0.1169999987,0.1873999983
11.27549428,-0.006199999712,0.03059999831,0.1768999994
11.28550522,0.01289999951,0.02209999971,0.1867000014
11.2954849,0.01409999933,0.01659999974,0.1768999994
11.3054974,0.003899999894,0.004900000058,0.1768999994
11.31550834,0.01370000001,-0.0206000004,0.1768999994
11.32548647,0.01289999951,-0.01989999972,0.1670999974
11.33549897,0.002699999837,-0.01840000041,0.1670999974
11.3455099,0.002300000051,-0.02659999952,0.1670999974
11.35548959,-0.007400000002,-0.0242999997,0.1964999884
11.36550209,-0.0167999994,-0.02389999852,0.1867000014
11.37548022,-0.00689999992,-0.03339999914,0.1768999994
11.38550834,-0.01669999957,-0.02400000021,0.1768999994
11.39550365,0.00159999996,-0.003899999894,0.1670999974
11.40548334,-0.00810000021,0.00429999968,0.1867000014
11.41549272,-0.00810000021,0.0027999999,0.1964999884
11.42550522,0.02009999938,0.01019999944,0.1964999884
11.4354849,9.999999747e-05,0.03659999743,0.1669999957
11.44549584,0.008700000122,0.02449999936,0.1669999957
11.45550678,0.01779999956,0.03229999915,0.1767999977
11.4654849,0.01699999906,0.04019999877,0.1571999937
11.4754974,0.006799999624,0.02019999921,0.1767999977
11.48550834,0.01589999907,0.01099999994,0.1669999957
11.49548803,0.02449999936,0.002600000007,0.1865999997
11.50551615,-0.01389999967,0.003700000001,0.1964000016
11.51548022,-0.01339999959,0.0234999992,0.1669999957
11.52548959,-0.01339999959,0.01420000009,0.1865999997
11.53550209,-0.01269999985,0.01469999924,0.1865999997
11.54548022,-0.0120000001,-0.01349999942,0.1669999957
11.55549272,-0.01159999985,-0.01279999968,0.1767999977
11.56550522,-0.01079999935,-0.03189999983,0.1867000014
11.5754849,-0.01939999871,-0.003299999982,0.1768999994
11.58549428,0.009499999695,-0.03240000084,0.1669999957
11.59550678,-0.0001999999949,-0.03229999915,0.1867000014
11.60548647,-0.0005999999703,-0.01339999959,0.1865999997
11.6154974,0.01740000024,-0.004900000058,0.1669999957
11.62552397,0.006799999624,0.01239999942,0.1571999937
11.63548803,0.0055999998,0.01040000003,0.1865999997
11.64549897,-0.01349999942,0.02809999883,0.2061999887
11.6555099,0.005299999844,0.06409999728,0.1767999977
11.66548959,-0.004799999762,0.02359999903,0.1669999957
11.67550209,-0.03229999915,0.02229999937,0.1964000016
11.68548178,-0.04050000012,0.02199999988,0.1865999997
11.69549115,-0.01979999989,0.02190000005,0.1571999937
11.70550365,0.0003999999899,0.02199999988,0.1669999957
11.71548178,-0.007999999449,-0.01539999992,0.1669999957
11.72549428,-0.007299999706,-0.004799999762,0.1865999997
11.73550522,-0.006199999712,0.1747999936,0.1473999918
11.74550209,-1.747599959,15.28879929,-0.1955999881
11.7554974,-1.263499975,12.43939972,1.009299994
11.76550678,-0.4745999873,0.658199966,0.1946999878
11.77548647,-0.4974999726,0.06539999694,-0.1410000026
11.78549897,0.6876999736,-4.444999695,0.5976999998
11.79550834,0.6387999654,-3.98029995,0.09459999949
11.80548959,0.6377999783,-4.319299698,0.4245999753
11.81550053,0.5419999957,-3.774399996,0.1008000001
11.82548022,0.5241999626,-3.828999996,0.09160000086
11.83549115,0.469599992,-3.481099844,0.368900001
11.84550209,0.4161999822,-3.349699974,0.2847000062
11.85548178,0.3737999797,-3.095999956,0.09420000017
11.8655099,0.3520999849,-3.01699996,0.277399987
11.87550365,0.2831999958,-2.917099953,0.2755999863
11.88548334,0.2448999882,-2.873399973,0.1375999898
11.89549428,-9.999999747e-05,0.009699999355,0.2258999944
11.90550678,0.01970000006,-0.06619999558,0.1375999898
11.91548647,0.02850000001,0.004499999806,0.1768999994
11.9254974,0.007699999958,-0.0231999997,0.1964999884
11.93550834,-0.003199999919,-0.002600000007,0.1571999937
11.94548803,-0.02249999903,-0.01099999994,0.1867000014
11.95549897,-0.0307,0.008599999361,0.1964999884
11.9655099,-0.01069999952,-0.001999999862,0.1670999974
11.97548959,-0.01040000003,-0.02080000006,0.2062999904
11.98551772,-0.0004999999655,-0.01359999925,0.1572999954
11.99548178,-0.09059999883,0.5995000005,0.217599988
12.00549272,-0.1248999983,1.129199982,0.2574000061
12.01550365,-0.1489000022,1.211599946,0.2567999959
12.02548178,-0.2029999942,1.223999977,0.2636999786
12.03549272,-0.1527999938,1.111299992,0.2380999923
12.04550522,-0.1517999917,0.9804999828,0.2447999865
12.0554849,-0.1115999967,0.8615999818,0.2314999998
12.0654974,-0.1033999994,0.7666999698,0.2210999876
12.07550678,-0.08529999852,0.6545000076,0.2213999927
12.08548647,-0.05939999968,0.5515999794,0.2138999999
12.09549897,-0.06359999627,0.4673999846,0.1881999969
12.10552553,-0.03999999911,0.3683999777,0.1933999956
12.11548959,-0.01699999906,0.2397999913,0.1703999937
12.12550053,-0.01559999958,0.1300999969,0.1877999902
12.13548178,0.003799999831,0.03649999946,0.1867999882
12.14549115,0.02259999886,0.04600000009,0.1474999934
12.15550209,0.003700000001,0.03309999779,0.1671999991
12.16548334,0.004900000058,0.01389999967,0.1867999882
12.17549272,-0.00410000002,-0.0055999998,0.1965999901
12.18550365,0.01509999949,-0.004900000058,0.1573999971
12.19548334,0.004499999806,-0.03269999847,0.1671999991
12.20549584,0.003399999812,-0.03039999865,0.2063999921
12.21550678,-0.01579999924,-0.04739999771,0.1770000011
12.22550365,-0.01539999992,-0.02669999935,0.1867999882
12.2354974,0.01349999942,-0.006499999668,0.1671999991
12.24550834,0.01239999942,0.01219999976,0.1770000011
12.25548803,-0.006699999794,-0.007400000002,0.1770000011
12.26549897,0.003000000026,0.01169999968,0.1867999882
12.2755099,0.001799999969,0.009800000116,0.1867999882
12.28549115,-0.007499999832,-0.001099999994,0.1867999882
12.29550209,-0.01730000041,0.01579999924,0.1770000011
12.30548178,0.01159999985,0.01339999959,0.1867000014
12.31549115,0.02029999904,0.002499999944,0.1867000014
12.32550365,0.009699999355,0.01129999943,0.1670999974
12.33548334,0.0186999999,-0.00829999987,0.1964999884
12.34551147,-0.001500000013,-0.02599999867,0.1768999994
12.35550522,-0.001899999916,0.004399999976,0.1670999974
12.3654849,-0.02070000023,-0.02329999954,0.1670999974
12.3754974,-0.02029999904,-0.01239999942,0.1867000014
12.38550678,0.008499999531,0.00820000004,0.1964999884
12.39548647,-0.009800000116,-0.008899999782,0.1867999882
12.40549897,-0.009399999864,-0.01649999991,0.1770000011
12.4155099,-0.008999999613,-0.0148,0.1867999882
12.42548803,-0.008999999613,-0.004699999932,0.1965999901
12.43550053,0.001099999994,-0.01379999984,0.1867999882
12.44548178,0.01040000003,-0.004699999932,0.2063999921
12.45549115,0.02889999934,-0.01489999983,0.1867999882
12.46551928,0.03639999777,-0.006599999964,0.1964999884
12.47548334,0.01519999932,0.001999999862,0.1964999884
12.48549428,0.0242999997,0.001500000013,0.1964999884
12.49550522,-0.004699999932,0.02070000023,0.1768999994
12.50548334,-0.01449999958,0.0195000004,0.1572999954
12.51549428,-0.01409999933,0.009800000116,0.1768999994
12.52550678,-0.01370000001,-0.008899999782,0.1964999884
12.53548647,-0.01370000001,0.01960000023,0.1964999884
12.5454974,-0.01409999933,0.02899999917,0.1964999884
12.55550834,-0.02269999869,0.009800000116,0.1867000014
12.56548803,-0.002399999881,0.01929999888,0.1768999994
12.57550053,0.007400000002,-0.008899999782,0.1768999994
12.58552709,1.289099932,2.374899864,-0.04879999906
12.59548959,1.406000018,12.77439976,0.6154999733
12.60550209,-1.112800002,10.54939938,0.3976999819
12.61548178,-1.299199939,2.433199883,-0.2624999881
12.62549115,-0.4492999911,-0.007100000046,0.4690999985
12.63550365,-0.1300999969,-3.834899902,0.584100008
12.64548334,0.08190000057,-3.931399822,-0.065200001
12.65549428,-0.0159999989,-4.084199905,0.3150999844
12.66550522,0.05920000002,-3.546799898,0.5022000074
12.6754849,-0.05669999868,-3.404299974,-0.03500000015
12.6854974,0.001999999862,-3.177599907,0.2624999881
12.69550834,-0.02639999986,-3.087199926,0.3551999927
12.70550522,-0.0431999974,-2.921700001,0.1547999978
12.71549897,-0.0495999977,-2.824199915,0.2005999982
12.7255099,-0.04690000042,-2.716799974,0.266900003
12.73548959,-0.09099999815,-2.638099909,0.1479000002
12.74550053,-0.1059999987,-2.586199999,0.235799998
12.75548022,-0.1017999947,-1.759499907,0.2361999899
12.76549115,0.01539999992,-0.1147999987,0.1381999999
12.77550365,0.05279999971,0.1361999959,0.1871999949
12.78548178,0.0131000001,0.01109999977,0.1871999949
12.79549272,0.03159999847,0.09849999845,0.167599991
12.80550522,0.0111999996,0.03099999949,0.2067999989
12.8154849,0.03009999916,0.08909999579,0.157799989
12.82551147,0.02029999904,0.07779999822,0.1380999982
12.83550678,0.08179999888,0.1920999885,0.1694999933
12.84548647,0.1215000004,0.6764000058,0.1943999976
12.85549897,0.08029999584,1.145200014,0.2461999953
12.86550834,0.02070000023,1.253099918,0.2822999954
12.87548803,0.01339999959,1.292699933,0.2593999803
12.88550053,0.008700000122,1.183099985,0.2460999936
12.89551147,0.002699999837,1.052899957,0.2718999982
12.90548959,0.01229999959,0.9424999952,0.2390999943
12.91550053,0.02459999919,0.8392999768,0.2387999892
12.92548022,0.03179999813,0.744699955,0.2197999954
12.93549115,0.01260000002,0.6744999886,0.1924999952
12.94551928,0.002600000007,0.5837999582,0.185800001
12.95548334,0.01090000011,0.4757999778,0.1997999996
12.96549428,0.02789999917,0.4057999849,0.2049999982
12.97550522,0.01579999924,0.2973999977,0.1816999912
12.9854849,0.03039999865,0.1976999938,0.1888999939
12.9954974,0.01529999916,0.1054999977,0.1773999929
13.00550678,0.0004999999655,0.004799999762,0.1669999957
13.01548647,9.999999747e-05,0.0262000002,0.1865999997
13.0254974,0.02009999938,0.02809999883,0.1669999957
13.0355099,0.01899999939,0.006199999712,0.1669999957
13.04548959,-0.0001999999949,-0.002099999925,0.1865999997
13.05550053,-0.0004999999655,-0.01269999985,0.2061999887
13.0654974,-0.0001999999949,-0.0204999987,0.1964000016
13.07549115,-0.01899999939,-0.01909999922,0.1865999997
13.08550209,-0.0178999994,-0.02599999867,0.1768999994
13.09548178,-0.02689999901,-0.04389999807,0.1768999994
13.10549272,-0.01669999957,-0.003399999812,0.1964999884
13.11550365,-0.01669999957,-0.01289999951,0.1670999974
13.12548334,-0.01640000008,-0.02219999954,0.1474999934
13.13549428,0.0215999987,0.006000000052,0.1670999974
13.14550678,-0.01750000007,-0.0148,0.1768999994
13.15548647,-0.01709999889,-0.01539999992,0.1867000014
13.1654974,-0.00689999992,0.01189999934,0.1964999884
13.17550834,0.01260000002,0.02929999866,0.1867000014
13.18550522,0.002399999881,0.009200000204,0.1867000014
13.19550053,-0.007699999958,0.009300000034,0.1865999997
13.2055099,0.01099999994,0.008899999782,0.1767999977
13.21549115,0.00159999996,-0.008899999782,0.1767999977
13.22550053,-0.01709999889,-0.01740000024,0.1964999884
13.23548178,-0.006199999712,0.002899999963,0.1670999974
13.24549115,0.01339999959,0.003999999724,0.1768999994
13.25550365,-0.01519999932,0.00410000002,0.1670999974
13.26548334,-0.01439999975,-0.00419999985,0.2160999924
13.27549272,-0.04120000079,-0.02139999904,0.2160999924
13.28550522,-0.0008999999845,-0.01979999989,0.1867000014
13.29548647,0.01829999872,-0.009300000034,0.1964999884
13.30551303,0.008499999531,-0.008999999613,0.1965999901
13.31550834,0.008499999531,-0.008899999782,0.1768999994
13.32548647,0.007699999958,-0.01840000041,0.1964999884
13.33549897,-0.01179999951,-0.01840000041,0.1867000014
13.3455099,-0.01219999976,0.02789999917,0.1867000014
13.35548959,0.006599999964,-0.01090000011,0.2062999904
13.36550053,0.005799999926,-0.00139999995,0.1867000014
13.37548178,-0.00429999968,-0.002199999988,0.1867000014
13.38549115,-0.003199999919,-0.0111999996,0.2062999904
13.39550209,0.1094999984,0.1676999927,-0.1074000001
13.40548178,1.753199935,12.05109978,0.432499975
13.41549272,-0.1182999983,15.2329998,0.8163999915
13.42552084,-1.331900001,4.91960001,-0.221999988
13.4354849,-0.1308999956,0.3973999918,0.1996999979
13.44549428,-0.0889999941,-3.64289999,0.3540000021
13.45550678,0.1595000029,-4.572499752,0.4059000015
13.46548647,-0.1298999935,-4.283699989,0.2054999918
13.4754974,0.05299999937,-4.171299934,0.1340000033
13.48550834,-0.06309999526,-4.036799908,0.5543000102
13.49548803,-0.03240000084,-3.894599915,0.04459999874
13.50549897,-0.09839999676,-3.64839983,0.2918999791
13.51548022,-0.04939999804,-3.492299795,0.3542999923
13.52548959,-0.09600000083,-3.291399956,0.1437000036
13.53550053,-0.09290000051,-3.074999809,0.1797000021
13.5454974,-0.1172999963,-2.975199938,0.2953000069
13.55549272,-0.1220999956,-2.875200033,0.1375999898
13.56550365,-0.08889999986,-2.275399923,0.1868999898
13.57548334,-0.02850000001,-0.2541999817,0.2752999961
13.58549272,0.02869999968,0.2181999981,0.1280999929
13.59550522,0.00829999987,0.1743000001,0.2162999958
13.6054849,0.0271999985,0.04559999704,0.1377999932
13.6154974,0.007599999662,0.1296999902,0.1770000011
13.62550678,0.03539999947,0.05949999765,0.1377999932
13.63548647,0.02449999936,0.08579999954,0.1671999991
13.64549897,0.009099999443,0.0522999987,0.1966999918
13.6555099,0.07090000063,0.551699996,0.1834999919
13.66550678,0.04999999702,1.139099956,0.279399991
13.67550053,-0.0005999999703,1.339699984,0.2815999985
13.68548022,0.01459999941,1.40139997,0.3217999935
13.69549115,0.002699999837,1.336300015,0.2893999815
13.70550209,0.001099999994,1.192499995,0.2525999844
13.71548178,0.01669999957,1.091699958,0.2568999827
13.72549272,0.01040000003,0.9702000022,0.2529000044
13.73550365,0.01899999939,0.8409000039,0.2211999893
13.7454849,0.01860000007,0.7386999726,0.2102999985
13.75549428,0.01569999941,0.6504999995,0.2307000011
13.76550678,0.02410000004,0.5340999961,0.2231999934
13.77548647,0.03959999979,0.4487999976,0.2072999924
13.78551459,0.01649999991,0.3476999998,0.173299998
13.79550834,0.02139999904,0.2362999916,0.1699000001
13.80548803,0.0159999989,0.1242999956,0.1677999943
13.81550053,-0.00689999992,0.03219999745,0.1670999974
13.82548022,0.01059999969,0.0195000004,0.1669999957
13.83549115,0.00159999996,0.0251000002,0.1964000016
13.84550209,0.01109999977,0.01019999944,0.1767999977
13.85548334,-0.007299999706,-0.00829999987,0.1669999957
13.86549272,0.01179999951,0.01469999924,0.1867000014
13.87550365,0.003099999856,0.03419999778,0.1768999994
13.88548334,-0.02419999987,0.02589999884,0.1867000014
13.89549428,0.005099999718,0.007100000046,0.2062999904
13.9055224,0.01409999933,-0.01049999986,0.1867000014
13.91548647,-0.006199999712,-0.02939999849,0.1768999994
13.9254974,-0.01640000008,-0.02999999933,0.1867000014
13.93550834,0.0027999999,-0.05009999871,0.1768999994
13.94548803,-0.0262000002,-0.05909999833,0.1867000014
13.95549897,-0.007299999706,-0.05920000002,0.1867000014
13.9655099,0.001999999862,-0.04889999703,0.1670999974
13.97548959,0.001199999941,-0.03909999877,0.1964999884
13.98550209,0.0008999999845,-0.03959999979,0.1867000014
13.99548178,-0.01829999872,-0.01090000011,0.1867000014
14.00549115,0.0007999999798,0.02709999867,0.1867000014
14.01550365,-0.008499999531,0.03539999947,0.1670999974
14.02549897,-0.007299999706,0.03500000015,0.1768999994
14.03549272,0.002399999881,0.04449999705,0.1670999974
14.04550522,-0.0159999989,0.04409999773,0.1474999934
14.0554849,-0.005399999674,0.03429999948,0.1670999974
14.06549584,0.003899999894,0.03419999778,0.1867000014
14.07550678,0.00429999968,-0.003399999812,0.1670999974
14.08548647,0.00429999968,-0.0111999996,0.1768999994
14.09549897,-0.01409999933,-0.01009999961,0.1768999994
14.10550834,-0.01370000001,-0.04739999771,0.1964999884
14.11548959,-0.003099999856,-0.04470000044,0.1768999994
14.12549897,-0.01209999993,-0.05069999769,0.1965999901
14.13547865,0.006300000008,-0.05669999868,0.1867999882
14.14550678,-0.01249999925,-0.04409999773,0.1671999991
14.15550365,-0.01129999943,0.004799999762,0.1867999882
14.16548178,-0.001500000013,0.00410000002,0.1770000011
14.17549272,-0.001899999916,0.003299999982,0.1965999901
14.18550365,0.007799999788,0.02999999933,0.1867999882
14.19548334,-0.002699999837,0.02699999884,0.1965999901
14.20549428,-0.01209999993,0.03329999745,0.1670999974
14.21550678,-0.01129999943,0.02080000006,0.1670999974
14.2254849,-0.001099999994,0.02789999917,0.1768999994
14.2354974,-0.01019999944,0.03460000083,0.1670999974
14.24550834,0.008599999361,0.02329999954,0.1670999974
14.25548803,0.01799999923,0.00429999968,0.1572999954
14.26551615,0.007799999788,0.01499999966,0.1670999974
14.2755099,-0.001899999916,-0.003000000026,0.1964999884
14.28548803,0.007799999788,-0.01040000003,0.1964999884
14.29550209,-0.01169999968,-0.00820000004,0.1867000014
14.30548178,0.0167999994,-0.006199999712,0.1670999974
14.31549115,0.02589999884,0.005099999718,0.1964999884
14.32550365,0.07220000029,0.04270000011,0.03959999979
14.33548334,1.171800017,2.509199858,0.1472999901
14.34549272,0.7087000012,8.587800026,0.6951999664
14.35550522,-0.472299993,5.631299973,0.01269999985
14.3654849,-0.2680000067,0.01929999888,-0.05359999835
14.37549584,-0.2132999897,-1.858399987,0.6198999882
14.38552397,-0.1689999998,-3.644099951,0.09309999645
14.39548803,-0.2685000002,-3.337899923,0.1465999931
14.4054974,-0.288199991,-3.366899967,0.3481999934
14.4155099,-0.287499994,-2.994499922,0.1002999991
14.42548803,-0.2771999836,-2.971599817,0.2163999975
14.43550053,-0.3323999941,-2.78399992,0.275000006
14.44548022,-0.1590999961,-1.091799974,0.1771999896
14.45549115,0.007100000046,0.102699995,0.1673000008
14.46550209,-0.0120000001,-0.059799999,0.1771999896
14.47548178,0.01689999923,0.104899995,0.1771999896
14.48549115,0.04439999908,0.02809999883,0.1476999968
14.49550365,0.03379999846,0.1140000001,0.1574999988
14.50550209,0.04289999977,0.06379999965,0.1673000008
14.51549584,0.03229999915,0.08190000057,0.1673000008
14.52550522,0.02169999853,0.0513000004,0.1868999898
14.53548647,0.002499999944,0.03089999966,0.1771000028
14.5454974,0.02089999989,0.02080000006,0.1573999971
14.55550834,0.01150000002,0.02979999967,0.1868999898
14.56548803,-0.006399999838,-0.00820000004,0.1771000028
14.57550053,-0.003000000026,-0.01499999966,0.1868999898
14.5855099,0.04529999942,0.06989999861,0.1887999922
14.59548959,0.07689999789,0.4269999862,0.2018999904
14.60550053,0.06109999865,0.7041999698,0.2180999964
14.61548022,0.07209999859,0.7432999611,0.220299989
14.62550834,0.05639999732,0.7186999917,0.2362999916
14.63550365,0.05189999938,0.5988000035,0.227699995
14.64548334,0.03370000049,0.486499995,0.2110999972
14.65549428,0.03370000049,0.3874999881,0.1856999993
14.66550522,0.02329999954,0.2502999902,0.1816999912
14.6754849,-0.005799999926,0.139200002,0.1689999998
14.68549584,0.0195000004,0.03099999949,0.1869999915
14.69550678,-0.006599999964,-0.03130000085,0.2062999904
14.70548647,0.0027999999,-0.00810000021,0.1768999994
14.7154974,-0.007799999788,-0.0111999996,0.1964999884
14.7255099,0.01139999926,-0.01719999872,0.1768999994
14.73548959,0.0215999987,-0.00699999975,0.1867000014
14.74551772,0.0215999987,0.01549999975,0.1867000014
14.75547865,0.003099999856,0.0260999985,0.1670999974
14.76549115,-0.005399999674,0.02759999968,0.1670999974
14.77550209,0.01409999933,0.0186999999,0.1768999994
14.78548178,-0.005399999674,0.03759999946,0.1670999974
14.79549272,-0.01409999933,0.02689999901,0.1474999934
14.80550522,-0.01329999976,-0.00159999996,0.1770000011
14.8154849,-0.04160000011,-0.01179999951,0.1965999901
14.82549428,-0.0215999987,-0.01260000002,0.1770000011
14.83550522,-0.002300000051,-0.004699999932,0.1768999994
14.84548647,-0.01209999993,-0.02539999969,0.1965999901
14.8554974,-0.01209999993,-0.04439999908,0.2063999921
14.86552553,-0.001999999862,-0.05260000005,0.1965999901
14.87548803,-0.01139999926,-0.04079999775,0.1770000011
14.88549897,-0.00159999996,-0.01059999969,0.1965999901
14.8955099,0.0167999994,-0.01929999888,0.1965999901
14.90548959,0.02539999969,0.00139999995,0.1867999882
14.91550053,0.01489999983,0.04849999771,0.1572999954
14.92548178,0.003899999894,0.03709999844,0.1768999994
14.93549272,0.01370000001,0.03559999913,0.1964999884
14.94550365,0.003499999875,0.03319999948,0.1768999994
14.95548334,0.003499999875,0.03170000017,0.1867000014
14.96549428,-0.01559999958,0.01129999943,0.1670999974
14.97550522,-0.02389999852,-0.02730000019,0.1964999884
14.98550209,-0.01249999925,-0.03610000014,0.1867000014
14.99549584,-0.01099999994,-0.05299999937,0.1867999882
15.00550678,-0.01019999944,-0.04050000012,0.1965999901
15.01548647,-0.009800000116,-0.01899999939,0.1867999882
15.02549897,0.0005999999703,-0.02679999918,0.2161999941
15.03550834,0.0005999999703,-0.02410000004,0.1867999882
15.04548803,-0.01850000024,-0.01239999942,0.1867999882
15.05550053,0.0005999999703,0.01649999991,0.1573999971
15.06548022,0.0178999994,0.02520000003,0.1573999971
15.07549115,-0.002300000051,0.02400000021,0.1770000011
15.08550209,0.00699999975,0.0326000005,0.1867999882
15.09548178,0.006199999712,0.0401000008,0.1671999991
15.1055099,-0.01329999976,0.008799999952,0.1670999974
15.11550522,-0.003499999875,0.006499999668,0.1867000014
15.12548334,-0.003899999894,-0.0139999995,0.1768999994
15.13549584,-0.003899999894,-0.01409999933,0.1867000014
15.14550678,0.01559999958,-0.004999999888,0.1768999994
15.1554849,0.006599999964,-0.005099999718,0.1572999954
15.1654974,-0.002300000051,0.02499999851,0.1867999882
15.17550834,0.007400000002,0.006599999964,0.1770000011
15.18548803,0.007799999788,0.007699999958,0.1867999882
15.19549897,0.01719999872,0.02769999951,0.1770000011
15.2055099,0.0167999994,0.02809999883,0.1965999901
15.21548959,-0.003099999856,0.02769999951,0.1867999882
15.22551772,-0.003799999831,0.01630000025,0.1572999954
15.23548178,-0.00429999968,0.02389999852,0.1768999994
15.24549115,-0.0234999992,0.001899999916,0.1768999994
15.25550365,-0.01370000001,-0.009300000034,0.1768999994
15.26548334,-0.01370000001,-0.01009999961,0.1670999974
15.27549272,-0.01329999976,-0.0111999996,0.1572999954
15.28550522,0.005899999756,-0.02180000022,0.1670999974
15.2954849,0.01409999933,-0.03159999847,0.1964999884
15.30549584,0.003999999724,-0.01159999985,0.1670999974
15.31550678,0.0231999997,-0.02969999984,0.1964999884
15.32548647,0.01260000002,9.999999747e-05,0.1867000014
15.3354974,0.01219999976,0.02899999917,0.1572999954
15.34552553,0.002399999881,0.01970000006,0.1768999994
15.35548959,0.01109999977,0.03759999946,0.1670999974
15.36550053,0.0103000002,0.03610000014,0.1669999957
15.37548022,-0.009200000204,0.02439999953,0.1767999977
15.38548959,-0.009200000204,0.02249999903,0.1669999957
15.39550209,0.0008999999845,0.01159999985,0.1669999957
15.40548178,-0.008499999531,-0.00820000004,0.1669999957
15.41549272,-0.02730000019,-0.007599999662,0.1669999957
15.42550522,-0.01669999957,-0.01699999906,0.1670999974
15.43548334,-0.006499999668,-0.0260999985,0.1768999994
15.44549428,-0.00569999963,-0.05279999971,0.1768999994
15.45550678,0.004399999976,-0.04059999809,0.1867000014
15.46550365,-0.02419999987,-0.02879999951,0.1768999994
15.4754974,-0.004600000102,-0.0178999994,0.1768999994
15.48550834,0.04239999875,-0.00699999975,0.1768999994
15.49548803,-0.007299999706,0.01219999976,0.1768999994
15.50549897,-0.007599999662,0.01139999926,0.1768999994
15.5155099,0.01069999952,0.01059999969,0.1768999994
15.52549115,-0.01860000007,0.009899999946,0.1768999994
15.53550053,-0.01779999956,0.008499999531,0.1670999974
15.54548022,-0.007299999706,0.007100000046,0.2062999904
15.55549115,-0.00689999992,0.006499999668,0.1867000014
15.56550209,0.003599999938,-0.004399999976,0.1768999994
15.57548334,0.003999999724,-0.01389999967,0.1768999994
15.5855099,-0.004999999888,-0.01239999942,0.1867000014
15.59550522,-0.004600000102,-0.03009999916,0.1964999884
15.6054849,-0.003899999894,0.0007999999798,0.1768999994
15.61549584,0.006300000008,0.01179999951,0.1768999994
15.62550678,-0.01289999951,-0.01559999958,0.1768999994
15.63548647,-0.003099999856,-0.02309999987,0.1572999954
15.64549897,-0.002699999837,0.02579999901,0.1768999994
15.6555099,0.006599999964,0.01569999941,0.1670999974
15.66548803,-0.01319999993,0.005799999926,0.1768999994
15.67550053,-0.01329999976,0.0148,0.2063999921
15.68548022,-0.003499999875,0.00429999968,0.1768999994
15.69549115,-0.003399999812,0.01179999951,0.1867000014
15.70551928,0.006199999712,0.02869999968,0.1768999994
15.71548334,0.01459999941,0.01689999923,0.1670999974
15.72549272,0.00429999968,-0.003399999812,0.1964999884
15.73550365,-0.003499999875,-0.003799999831,0.1768999994
15.7454849,0.02469999902,0.006000000052,0.1670999974
15.75549584,0.0234999992,-0.003299999982,0.1964999884
15.76550678,-0.004999999888,-0.02180000022,0.1867000014
15.77548647,-0.005399999674,-0.001799999969,0.1867000014
15.7854974,0.01289999951,-0.01079999935,0.1768999994
15.79550834,0.002699999837,0.01809999906,0.1768999994
15.80548803,-0.00689999992,-0.0009999999311,0.1768999994
15.81550053,-0.006599999964,-0.02929999866,0.1768999994
15.82552865,-0.01559999958,-0.009699999355,0.1867000014
15.83549115,0.003499999875,-0.009699999355,0.1768999994
15.84550209,-0.01559999958,-0.001099999994,0.2062999904
15.85548178,-0.02459999919,-0.01049999986,0.1964999884
15.86549272,-0.004600000102,-0.0002999999851,0.1768999994
15.87550365,-0.004999999888,-0.01989999972,0.1867000014
15.88548334,0.01370000001,-0.02019999921,0.1768999994
15.89549428,0.01289999951,-0.009200000204,0.1768999994
15.90550678,0.003099999856,0.000699999975,0.1867000014
15.9154849,0.02119999938,0.01019999944,0.1572999954
15.9254974,0.01970000006,-0.008499999531,0.1670999974
15.93550834,-0.0001999999949,0.02009999938,0.1670999974
15.94550365,-0.009999999776,0.01019999944,0.1867000014
15.95549897,-0.009699999355,0.02039999887,0.1867000014
15.96550834,-0.008899999782,0.001500000013,0.1768999994
15.97548959,0.0007999999798,0.02039999887,0.1572999954
15.98550209,0.009899999946,0.01019999944,0.1670999974
15.99548022,0.01019999944,0.01019999944,0.1867000014
16.00549115,0.001199999941,0.01919999905,0.2160999924
16.01550365,0.0008999999845,-0.01989999972,0.1768999994
16.02548178,0.009899999946,-0.02859999985,0.1670999974
16.03549272,0.0003999999899,-0.02769999951,0.1768999994
16.04550522,-0.01829999872,-0.03529999778,0.1670999974
16.0554849,0.0008999999845,-0.03370000049,0.1572999954
16.06551303,0.0003999999899,-0.02389999852,0.1572999954
16.07550834,-0.01899999939,-0.004399999976,0.1768999994
16.08548647,-0.01829999872,0.005099999718,0.1867000014
16.09549897,-0.008799999952,0.01439999975,0.1768999994
16.10550834,-0.009599999525,0.01370000001,0.1867000014
16.11548803,-0.0001999999949,0.03219999745,0.1768999994
16.12549897,-0.009999999776,0.03959999979,0.1867000014
16.13551147,9.999999747e-05,0.02789999917,0.1964999884
16.14548959,0.02869999968,0.01689999923,0.1767999977
16.15550209,0.008700000122,0.01620000042,0.1767999977
16.16548178,0.01860000007,0.01579999924,0.1571999937
16.17549115,0.01850000024,0.01469999924,0.1767999977
16.18552084,-0.01040000003,-0.01349999942,0.1964999884
16.19548334,-0.01979999989,-0.02219999954,0.1767999977
16.20549428,-0.009999999776,-0.001899999916,0.1768999994
16.21550678,-0.01939999871,-0.0206000004,0.1768999994
16.22548647,0.009499999695,-0.0001999999949,0.1867000014
16.2354974,-0.009200000204,9.999999747e-05,0.1867000014
16.24550834,-0.0178999994,0.009800000116,0.1768999994
16.25548647,0.00159999996,0.0007999999798,0.1670999974
16.26549897,-0.007699999958,-0.0186999999,0.1867000014
16.27550834,0.01179999951,0.01850000024,0.1474999934
16.28548959,0.002099999925,0.007100000046,0.1670999974
16.29550053,0.01069999952,-0.00410000002,0.1867000014
16.30549897,0.0103000002,0.003700000001,0.1767999977
16.31549115,0.0004999999655,0.01150000002,0.1669999957
16.32550365,-0.0001999999949,0.0008999999845,0.1767999977
16.33548334,-0.0009999999311,0.01939999871,0.1767999977
16.34549272,-0.001300000004,-9.999999747e-05,0.1669999957
16.35550365,-0.0206000004,-0.03769999743,0.1964000016
16.36548334,-0.02919999883,-0.007199999876,0.1865999997
16.37549428,-0.009599999525,0.01289999951,0.1767999977
16.38550678,-0.01860000007,0.01339999959,0.1767999977
16.39548647,-0.007299999706,0.01349999942,0.1768999994
16.40549897,-0.006499999668,0.03219999745,0.1768999994
16.41550834,-0.005399999674,0.003199999919,0.1572999954
16.42550522,-0.00419999985,-0.00569999963,0.1964999884
16.43550053,-0.00419999985,-0.006099999882,0.1964999884
16.44548022,0.02359999903,-0.01620000042,0.1670999974
16.45549115,0.0223999992,-0.01589999907,0.1768999994
16.46550209,0.01139999926,-0.02559999935,0.1964999884
16.47548178,0.01139999926,-0.006000000052,0.1964999884
16.48549272,-0.00810000021,-0.01549999975,0.1768999994
16.49550365,0.0103000002,-0.02419999987,0.1767999977
16.50548334,0.009899999946,-0.004499999806,0.1669999957
16.51549272,-0.01909999922,-0.005299999844,0.1767999977
16.52550522,-0.008499999531,-0.01389999967,0.1768999994
16.5354849,0.01059999969,0.02449999936,0.1669999957
16.54551459,0.001199999941,0.03269999847,0.1571999937
16.55550834,0.00159999996,0.02199999988,0.1669999957
16.56548803,0.0204999987,0.02180000022,0.1767999977
16.57549897,0.0008999999845,0.02089999989,0.1767999977
16.5855099,0.0008999999845,0.02089999989,0.1767999977
16.59548959,-0.008499999531,-0.007899999619,0.1964999884
16.60550053,0.01929999888,9.999999747e-05,0.1767999977
16.61548022,-0.001300000004,-0.01899999939,0.1865999997
16.62549115,-0.001799999969,-0.00820000004,0.1571999937
16.63550209,-0.0307,-0.05469999835,0.1964000016
16.64548178,-0.0111999996,-0.05199999735,0.1964999884
16.65549272,-0.001699999906,-0.01090000011,0.1669999957
16.6655224,-0.002099999925,-0.009999999776,0.1669999957
16.67548334,-0.0120000001,-0.0001999999949,0.1669999957
16.68549584,-0.01189999934,-0.009599999525,0.1669999957
16.69550678,-0.001300000004,-0.0002999999851,0.1867000014
16.70548647,-0.01939999871,0.01809999906,0.1867000014
16.7154974,-0.008799999952,0.00699999975,0.1768999994
16.72550834,0.001300000004,-0.002600000007,0.1571999937
16.73548803,0.0103000002,0.0346999988,0.1375999898
16.74549897,0.0103000002,0.02279999852,0.1767999977
16.75547865,0.0103000002,-0.006399999838,0.1767999977
16.76548959,0.009200000204,0.002899999963,0.1964000016
16.77550209,-0.01979999989,-0.0260999985,0.1964000016
16.78549897,-0.009200000204,0.003899999894,0.1767999977
16.79549272,-0.008799999952,0.01459999941,0.1768999994
16.80550522,-0.0178999994,-0.01319999993,0.1670999974
16.81548334,0.002399999881,-0.002300000051,0.1964999884
16.82549428,-0.00689999992,-0.001099999994,0.2062999904
16.83550522,-0.006499999668,9.999999747e-05,0.1670999974
16.8454849,-0.006599999964,9.999999747e-05,0.1768999994
16.8554974,0.02279999852,0.009800000116,0.1964999884
16.86550678,-0.006199999712,0.01850000024,0.1768999994
16.87548647,-0.01519999932,-0.0009999999311,0.1964999884
16.88549897,0.2013999969,0.02539999969,-1.009699941
16.8955099,-0.1559000015,-0.01529999916,1.029999971
16.90550678,-0.2159999907,-0.03439999744,1.216400027
16.91550053,0.2263999879,-0.01459999941,-0.6663999557
16.92548022,-0.1127000004,-0.05199999735,0.7652999759
16.93549115,-0.1084999964,-0.01289999951,0.4318999946
16.94550365,0.1882999986,0.01569999941,-0.4016000032
16.95548178,-0.02699999884,-0.01249999925,0.2847000062
16.96549272,0.04910000041,0.007100000046,0.02979999967
16.97550365,-0.03759999946,0.006699999794,0.324000001
